UNITS MM,10000;
EDIT proj;
ADD P1 :W0.000000  94.1354,28.4278 99.0354,28.4278 99.0354,29.3278 94.1354,29.3278;
  BEGIN_ASSOC
    ADD N1 :F1.000000 :R0 :T12345 'net=P1' 0.00, 0.00;
  END_ASSOC
ADD P1 :W0.000000  99.0354,24.3278 99.5354,24.3278 99.5354,29.3278 99.0354,29.3278;
  BEGIN_ASSOC
    ADD N1 :F1.000000 :R0 :T12345 'net=P1' 0.00, 0.00;
  END_ASSOC
ADD P1 :W0.000000  96.8954,24.3278 99.0354,24.3278 99.0354,24.8278 96.8954,24.8278;
  BEGIN_ASSOC
    ADD N1 :F1.000000 :R0 :T12345 'net=P1' 0.00, 0.00;
  END_ASSOC
ADD P1 :W0.000000  96.3954,21.8278 96.8954,21.8278 96.8954,24.8278 96.3954,24.8278;
  BEGIN_ASSOC
    ADD N1 :F1.000000 :R0 :T12345 'net=P1' 0.00, 0.00;
  END_ASSOC
ADD P1 :W0.000000  96.8954,21.8278 99.0354,21.8278 99.0354,22.3278 96.8954,22.3278;
  BEGIN_ASSOC
    ADD N1 :F1.000000 :R0 :T12345 'net=P1' 0.00, 0.00;
  END_ASSOC
ADD P1 :W0.000000  99.0354,20.1278 99.5354,20.1278 99.5354,22.3278 99.0354,22.3278;
  BEGIN_ASSOC
    ADD N1 :F1.000000 :R0 :T12345 'net=P1' 0.00, 0.00;
  END_ASSOC
ADD P1 :W0.000000  96.3954,19.6278 99.5354,19.6278 99.5354,20.1278 96.3954,20.1278;
  BEGIN_ASSOC
    ADD N1 :F1.000000 :R0 :T12345 'net=P1' 0.00, 0.00;
  END_ASSOC
ADD P1 :W0.000000  96.3954,17.1278 96.8954,17.1278 96.8954,19.6278 96.3954,19.6278;
  BEGIN_ASSOC
    ADD N1 :F1.000000 :R0 :T12345 'net=P1' 0.00, 0.00;
  END_ASSOC
ADD P1 :W0.000000  96.8954,17.1278 99.0354,17.1278 99.0354,17.6278 96.8954,17.6278;
  BEGIN_ASSOC
    ADD N1 :F1.000000 :R0 :T12345 'net=P1' 0.00, 0.00;
  END_ASSOC
ADD P1 :W0.000000  99.0354,15.4278 99.5354,15.4278 99.5354,17.6278 99.0354,17.6278;
  BEGIN_ASSOC
    ADD N1 :F1.000000 :R0 :T12345 'net=P1' 0.00, 0.00;
  END_ASSOC
ADD P1 :W0.000000  75.9577,0.2590 99.9490,0.2590 99.9490,11.6840 75.9577,11.6840;
  BEGIN_ASSOC
    ADD N1 :F1.000000 :R0 :T12345 'net=P1' 0.00, 0.00;
  END_ASSOC
ADD P1 :W0.000000  75.6779,11.6840 94.2340,11.6840 94.2340,25.1959 75.6779,25.1959;
  BEGIN_ASSOC
    ADD N1 :F1.000000 :R0 :T12345 'net=P1' 0.00, 0.00;
  END_ASSOC
ADD P1 :W0.000000  75.6779,24.6995 88.8166,24.6995 88.8166,34.5362 75.6779,34.5362;
  BEGIN_ASSOC
    ADD N1 :F1.000000 :R0 :T12345 'net=P1' 0.00, 0.00;
  END_ASSOC
ADD P1 :W0.000000  94.2340,31.7500 100.0000,31.7500 100.0000,50.0000 94.2340,50.0000;
  BEGIN_ASSOC
    ADD N1 :F1.000000 :R0 :T12345 'net=P1' 0.00, 0.00;
  END_ASSOC
ADD P1 :W0.000000  71.3000,37.7107 94.2340,37.7107 94.2340,50.0000 71.3000,50.0000;
  BEGIN_ASSOC
    ADD N1 :F1.000000 :R0 :T12345 'net=P1' 0.00, 0.00;
  END_ASSOC
ADD P1 :W0.000000  94.3702,29.3278 94.2340,29.4640 94.2340,37.7107 76.7894,37.7074 76.7894,37.2110 80.3638,37.2110 80.4527,37.0231 80.4912,36.8961 85.5013,36.9064 85.8471,36.9064 87.8734,36.9169 87.9735,36.8737 89.6793,36.8659 89.8975,36.8252 90.0889,36.7871 90.2950,36.7046 90.4921,36.6186 90.6613,36.5088 90.8313,36.3887 91.1257,36.0943 91.2458,35.9243 91.3669,35.7383 91.4416,35.5580 91.5241,35.3519 91.5622,35.1606 91.6029,34.9423 91.6029,28.0814 91.6067,27.6797 91.6718,27.4929 91.7261,27.4387 91.8544,27.3538 91.9670,27.3193 92.9953,27.3155 93.9851,27.3155 94.1070,27.2506 94.2340,27.3032 94.2340,28.3477 94.3610,28.4747;
  BEGIN_ASSOC
    ADD N1 :F1.000000 :R0 :T12345 'net=P1' 0.00, 0.00;
  END_ASSOC
ADD P1 :W0.000000  94.1070,26.3050 94.2340,26.2524 94.2340,25.1959 88.8166,25.1968 88.8166,34.5362 77.7610,34.5186 76.7369,35.5212 76.6700,35.7678 76.6539,35.7918 76.6539,36.0247 76.7690,36.0700 77.3825,36.0699 77.5570,35.8954 77.6396,35.8413 77.6882,35.8211 84.4473,35.8211 84.4473,35.7884 85.5013,35.7884 85.5013,36.9064 85.8471,36.9064 85.8471,35.7884 87.9666,35.7988 89.4585,35.7964 89.7031,35.7550 89.8842,35.6800 90.0472,35.5711 90.2404,35.3510 90.3893,34.9905 90.3893,34.0964 90.4135,33.8697 90.4176,27.5793 90.4777,27.2767 90.5957,26.9987 90.8630,26.6518 91.0955,26.4610 91.4879,26.2665 91.8104,26.2023 93.9474,26.2023;
  BEGIN_ASSOC
    ADD N1 :F1.000000 :R0 :T12345 'net=P1' 0.00, 0.00;
  END_ASSOC
ADD P1 :W0.000000  76.7894,36.4874 77.4394,36.4874 77.7106,36.7586 85.3743,36.7586 85.3743,35.9586 77.6882,35.9586 77.4394,36.2074 76.7894,36.2074;
ADD P1 :W0.000000  85.9741,35.9154 87.8958,35.9154 87.9166,35.9362 89.4965,35.9362 89.5916,35.9173 89.7204,35.8917 89.8463,35.8445 89.9493,35.8018 90.1000,35.7000 90.3182,35.4818 90.4166,35.3346 90.4809,35.1791 90.5238,35.0190 90.5455,34.9096 90.5510,34.7980 90.5510,27.5992 90.5901,27.4023 90.6331,27.2606 90.7000,27.1000 90.7865,26.9607 90.8847,26.8245 91.0865,26.6227 91.1926,26.5613 91.3659,26.4658 91.5143,26.4043 91.7319,26.3554 91.8104,26.3398 93.9474,26.3398 94.1354,26.5278 99.0354,26.5278 99.0354,27.0278 94.1354,27.0278 93.9851,27.1780 91.9988,27.1780 91.8947,27.1883 91.7025,27.2679 91.5553,27.4151 91.4756,27.6073 91.4654,27.7114 91.4654,34.9423 91.3893,35.3251 91.2399,35.6857 91.0428,35.9806 90.7471,36.2861 90.4226,36.5029 90.0621,36.6523 89.6793,36.7284 88.9922,36.7284 87.9166,36.7362 87.8734,36.7794 85.9741,36.7794;
  BEGIN_ASSOC
    ADD N1 :F1.000000 :R0 :T12345 'net=P1' 0.00, 0.00;
  END_ASSOC
ADD P1 :W0.000000  95.0954,14.9278 99.5354,14.9278 99.5354,15.4278 95.0954,15.4278;
  BEGIN_ASSOC
    ADD N1 :F1.000000 :R0 :T12345 'net=P1' 0.00, 0.00;
  END_ASSOC
ADD P2 :W0.000000  87.1410,2.9295 94.2340,2.9295 94.2340,31.7500 87.1410,31.7500;
  BEGIN_ASSOC
    ADD N2 :F1.000000 :R0 :T12345 'net=P1' 0.00, 0.00;
  END_ASSOC
ADD P2 :W0.000000  94.2340,2.7000 100.0000,2.7000 100.0000,11.6840 94.2340,11.6840;
  BEGIN_ASSOC
    ADD N2 :F1.000000 :R0 :T12345 'net=P1' 0.00, 0.00;
  END_ASSOC
ADD P2 :W0.000000  73.4040,31.7500 94.2340,31.7500 94.2340,44.0521 73.4040,44.0521;
  BEGIN_ASSOC
    ADD N2 :F1.000000 :R0 :T12345 'net=P1' 0.00, 0.00;
  END_ASSOC
ADD P2 :W0.000000  94.2340,31.7500 100.0000,31.7500 100.0000,50.0000 94.2340,50.0000;
  BEGIN_ASSOC
    ADD N2 :F1.000000 :R0 :T12345 'net=P1' 0.00, 0.00;
  END_ASSOC
ADD P5 :W0.000000  77.7946,35.4740 77.7935,35.5001 77.7900,35.5261 77.7844,35.5516 77.7765,35.5766 77.7665,35.6008 77.7544,35.6240 77.7403,35.6461 77.7244,35.6668 77.7067,35.6861 77.6874,35.7038 77.6667,35.7197 77.6446,35.7338 77.6214,35.7459 77.5972,35.7559 77.5722,35.7638 77.5467,35.7694 77.5207,35.7729 77.4946,35.7740 77.4685,35.7729 77.4425,35.7694 77.4170,35.7638 77.3920,35.7559 77.3678,35.7459 77.3446,35.7338 77.3225,35.7197 77.3018,35.7038 77.2825,35.6861 77.2648,35.6668 77.2489,35.6461 77.2348,35.6240 77.2227,35.6008 77.2127,35.5766 77.2048,35.5516 77.1992,35.5261 77.1957,35.5001 77.1946,35.4740 77.1957,35.4479 77.1992,35.4219 77.2048,35.3964 77.2127,35.3714 77.2227,35.3472 77.2348,35.3240 77.2489,35.3019 77.2648,35.2812 77.2825,35.2619 77.3018,35.2442 77.3225,35.2283 77.3446,35.2142 77.3678,35.2021 77.3920,35.1921 77.4170,35.1842 77.4425,35.1786 77.4685,35.1751 77.4946,35.1740 77.5207,35.1751 77.5467,35.1786 77.5722,35.1842 77.5972,35.1921 77.6214,35.2021 77.6446,35.2142 77.6667,35.2283 77.6874,35.2442 77.7067,35.2619 77.7244,35.2812 77.7403,35.3019 77.7544,35.3240 77.7665,35.3472 77.7765,35.3714 77.7844,35.3964 77.7900,35.4219 77.7935,35.4479 77.7946,35.4740;
  BEGIN_ASSOC
    ADD N5 :F1.000000 :R0 :T12345 'net=P1' 0.00, 0.00;
  END_ASSOC
ADD P5 :W0.000000  79.0635,35.4740 79.0624,35.5001 79.0590,35.5259 79.0533,35.5514 79.0455,35.5762 79.0355,35.6003 79.0235,35.6234 79.0094,35.6454 78.9936,35.6661 78.9760,35.6854 78.9567,35.7030 78.9360,35.7188 78.9141,35.7329 78.8909,35.7449 78.8668,35.7549 78.8420,35.7627 78.8165,35.7684 78.7907,35.7718 78.7646,35.7729 78.7385,35.7718 78.7127,35.7684 78.6872,35.7627 78.6624,35.7549 78.6383,35.7449 78.6151,35.7329 78.5932,35.7188 78.5725,35.7030 78.5532,35.6854 78.5356,35.6661 78.5198,35.6454 78.5057,35.6234 78.4937,35.6003 78.4837,35.5762 78.4759,35.5514 78.4702,35.5259 78.4668,35.5001 78.4657,35.4740 78.4668,35.4479 78.4702,35.4221 78.4759,35.3966 78.4837,35.3718 78.4937,35.3477 78.5057,35.3246 78.5198,35.3026 78.5356,35.2819 78.5532,35.2626 78.5725,35.2450 78.5932,35.2292 78.6151,35.2151 78.6383,35.2031 78.6624,35.1931 78.6872,35.1853 78.7127,35.1796 78.7385,35.1762 78.7646,35.1751 78.7907,35.1762 78.8165,35.1796 78.8420,35.1853 78.8668,35.1931 78.8909,35.2031 78.9141,35.2151 78.9360,35.2292 78.9567,35.2450 78.9760,35.2626 78.9936,35.2819 79.0094,35.3026 79.0235,35.3246 79.0355,35.3477 79.0455,35.3718 79.0533,35.3966 79.0590,35.4221 79.0624,35.4479 79.0635,35.4740;
  BEGIN_ASSOC
    ADD N5 :F1.000000 :R0 :T12345 'net=P1' 0.00, 0.00;
  END_ASSOC
ADD P5 :W0.000000  80.3335,35.4740 80.3324,35.5001 80.3290,35.5259 80.3233,35.5514 80.3155,35.5762 80.3055,35.6003 80.2935,35.6234 80.2794,35.6454 80.2636,35.6661 80.2460,35.6854 80.2267,35.7030 80.2060,35.7188 80.1840,35.7329 80.1609,35.7449 80.1368,35.7549 80.1120,35.7627 80.0865,35.7684 80.0607,35.7718 80.0346,35.7729 80.0085,35.7718 79.9827,35.7684 79.9572,35.7627 79.9324,35.7549 79.9083,35.7449 79.8852,35.7329 79.8632,35.7188 79.8425,35.7030 79.8232,35.6854 79.8056,35.6661 79.7898,35.6454 79.7757,35.6234 79.7637,35.6003 79.7537,35.5762 79.7459,35.5514 79.7402,35.5259 79.7368,35.5001 79.7357,35.4740 79.7368,35.4479 79.7402,35.4221 79.7459,35.3966 79.7537,35.3718 79.7637,35.3477 79.7757,35.3246 79.7898,35.3026 79.8056,35.2819 79.8232,35.2626 79.8425,35.2450 79.8632,35.2292 79.8852,35.2151 79.9083,35.2031 79.9324,35.1931 79.9572,35.1853 79.9827,35.1796 80.0085,35.1762 80.0346,35.1751 80.0607,35.1762 80.0865,35.1796 80.1120,35.1853 80.1368,35.1931 80.1609,35.2031 80.1840,35.2151 80.2060,35.2292 80.2267,35.2450 80.2460,35.2626 80.2636,35.2819 80.2794,35.3026 80.2935,35.3246 80.3055,35.3477 80.3155,35.3718 80.3233,35.3966 80.3290,35.4221 80.3324,35.4479 80.3335,35.4740;
  BEGIN_ASSOC
    ADD N5 :F1.000000 :R0 :T12345 'net=P1' 0.00, 0.00;
  END_ASSOC
ADD P5 :W0.000000  82.7730,35.0520 82.7717,35.0825 82.7677,35.1128 82.7611,35.1426 82.7519,35.1717 82.7402,35.1999 82.7261,35.2270 82.7097,35.2528 82.6911,35.2770 82.6705,35.2995 82.6480,35.3201 82.6238,35.3387 82.5980,35.3551 82.5709,35.3692 82.5427,35.3809 82.5136,35.3901 82.4838,35.3967 82.4535,35.4007 82.4230,35.4020 82.3925,35.4007 82.3622,35.3967 82.3324,35.3901 82.3033,35.3809 82.2751,35.3692 82.2480,35.3551 82.2222,35.3387 82.1980,35.3201 82.1755,35.2995 82.1549,35.2770 82.1363,35.2528 82.1199,35.2270 82.1058,35.1999 82.0941,35.1717 82.0849,35.1426 82.0783,35.1128 82.0743,35.0825 82.0730,35.0520 82.0743,35.0215 82.0783,34.9912 82.0849,34.9614 82.0941,34.9323 82.1058,34.9041 82.1199,34.8770 82.1363,34.8512 82.1549,34.8270 82.1755,34.8045 82.1980,34.7839 82.2222,34.7653 82.2480,34.7489 82.2751,34.7348 82.3033,34.7231 82.3324,34.7139 82.3622,34.7073 82.3925,34.7033 82.4230,34.7020 82.4535,34.7033 82.4838,34.7073 82.5136,34.7139 82.5427,34.7231 82.5709,34.7348 82.5980,34.7489 82.6238,34.7653 82.6480,34.7839 82.6705,34.8045 82.6911,34.8270 82.7097,34.8512 82.7261,34.8770 82.7402,34.9041 82.7519,34.9323 82.7611,34.9614 82.7677,34.9912 82.7717,35.0215 82.7730,35.0520;
  BEGIN_ASSOC
    ADD N5 :F1.000000 :R0 :T12345 'net=P1' 0.00, 0.00;
  END_ASSOC
ADD P5 :W0.000000  83.9160,35.0520 83.9147,35.0825 83.9107,35.1128 83.9041,35.1426 83.8949,35.1717 83.8832,35.1999 83.8691,35.2270 83.8527,35.2528 83.8341,35.2770 83.8135,35.2995 83.7910,35.3201 83.7668,35.3387 83.7410,35.3551 83.7139,35.3692 83.6857,35.3809 83.6566,35.3901 83.6268,35.3967 83.5965,35.4007 83.5660,35.4020 83.5355,35.4007 83.5052,35.3967 83.4754,35.3901 83.4463,35.3809 83.4181,35.3692 83.3910,35.3551 83.3652,35.3387 83.3410,35.3201 83.3185,35.2995 83.2979,35.2770 83.2793,35.2528 83.2629,35.2270 83.2488,35.1999 83.2371,35.1717 83.2279,35.1426 83.2213,35.1128 83.2173,35.0825 83.2160,35.0520 83.2173,35.0215 83.2213,34.9912 83.2279,34.9614 83.2371,34.9323 83.2488,34.9041 83.2629,34.8770 83.2793,34.8512 83.2979,34.8270 83.3185,34.8045 83.3410,34.7839 83.3652,34.7653 83.3910,34.7489 83.4181,34.7348 83.4463,34.7231 83.4754,34.7139 83.5052,34.7073 83.5355,34.7033 83.5660,34.7020 83.5965,34.7033 83.6268,34.7073 83.6566,34.7139 83.6857,34.7231 83.7139,34.7348 83.7410,34.7489 83.7668,34.7653 83.7910,34.7839 83.8135,34.8045 83.8341,34.8270 83.8527,34.8512 83.8691,34.8770 83.8832,34.9041 83.8949,34.9323 83.9041,34.9614 83.9107,34.9912 83.9147,35.0215 83.9160,35.0520;
  BEGIN_ASSOC
    ADD N5 :F1.000000 :R0 :T12345 'net=P1' 0.00, 0.00;
  END_ASSOC
ADD P5 :W0.000000  85.0590,35.0520 85.0577,35.0825 85.0537,35.1128 85.0471,35.1426 85.0379,35.1717 85.0262,35.1999 85.0121,35.2270 84.9957,35.2528 84.9771,35.2770 84.9565,35.2995 84.9340,35.3201 84.9098,35.3387 84.8840,35.3551 84.8569,35.3692 84.8287,35.3809 84.7996,35.3901 84.7698,35.3967 84.7395,35.4007 84.7090,35.4020 84.6785,35.4007 84.6482,35.3967 84.6184,35.3901 84.5893,35.3809 84.5611,35.3692 84.5340,35.3551 84.5082,35.3387 84.4840,35.3201 84.4615,35.2995 84.4409,35.2770 84.4223,35.2528 84.4059,35.2270 84.3918,35.1999 84.3801,35.1717 84.3709,35.1426 84.3643,35.1128 84.3603,35.0825 84.3590,35.0520 84.3603,35.0215 84.3643,34.9912 84.3709,34.9614 84.3801,34.9323 84.3918,34.9041 84.4059,34.8770 84.4223,34.8512 84.4409,34.8270 84.4615,34.8045 84.4840,34.7839 84.5082,34.7653 84.5340,34.7489 84.5611,34.7348 84.5893,34.7231 84.6184,34.7139 84.6482,34.7073 84.6785,34.7033 84.7090,34.7020 84.7395,34.7033 84.7698,34.7073 84.7996,34.7139 84.8287,34.7231 84.8569,34.7348 84.8840,34.7489 84.9098,34.7653 84.9340,34.7839 84.9565,34.8045 84.9771,34.8270 84.9957,34.8512 85.0121,34.8770 85.0262,34.9041 85.0379,34.9323 85.0471,34.9614 85.0537,34.9912 85.0577,35.0215 85.0590,35.0520;
  BEGIN_ASSOC
    ADD N5 :F1.000000 :R0 :T12345 'net=P1' 0.00, 0.00;
  END_ASSOC
ADD P5 :W0.000000  86.2020,35.0520 86.2007,35.0825 86.1967,35.1128 86.1901,35.1426 86.1809,35.1717 86.1692,35.1999 86.1551,35.2270 86.1387,35.2528 86.1201,35.2770 86.0995,35.2995 86.0770,35.3201 86.0528,35.3387 86.0270,35.3551 85.9999,35.3692 85.9717,35.3809 85.9426,35.3901 85.9128,35.3967 85.8825,35.4007 85.8520,35.4020 85.8215,35.4007 85.7912,35.3967 85.7614,35.3901 85.7323,35.3809 85.7041,35.3692 85.6770,35.3551 85.6512,35.3387 85.6270,35.3201 85.6045,35.2995 85.5839,35.2770 85.5653,35.2528 85.5489,35.2270 85.5348,35.1999 85.5231,35.1717 85.5139,35.1426 85.5073,35.1128 85.5033,35.0825 85.5020,35.0520 85.5033,35.0215 85.5073,34.9912 85.5139,34.9614 85.5231,34.9323 85.5348,34.9041 85.5489,34.8770 85.5653,34.8512 85.5839,34.8270 85.6045,34.8045 85.6270,34.7839 85.6512,34.7653 85.6770,34.7489 85.7041,34.7348 85.7323,34.7231 85.7614,34.7139 85.7912,34.7073 85.8215,34.7033 85.8520,34.7020 85.8825,34.7033 85.9128,34.7073 85.9426,34.7139 85.9717,34.7231 85.9999,34.7348 86.0270,34.7489 86.0528,34.7653 86.0770,34.7839 86.0995,34.8045 86.1201,34.8270 86.1387,34.8512 86.1551,34.8770 86.1692,34.9041 86.1809,34.9323 86.1901,34.9614 86.1967,34.9912 86.2007,35.0215 86.2020,35.0520;
  BEGIN_ASSOC
    ADD N5 :F1.000000 :R0 :T12345 'net=P1' 0.00, 0.00;
  END_ASSOC
ADD P5 :W0.000000  87.2167,34.2900 87.2154,34.3204 87.2114,34.3506 87.2048,34.3803 87.1957,34.4093 87.1840,34.4374 87.1700,34.4644 87.1536,34.4900 87.1351,34.5141 87.1146,34.5366 87.0921,34.5571 87.0680,34.5756 87.0423,34.5920 87.0154,34.6060 86.9873,34.6177 86.9583,34.6268 86.9286,34.6334 86.8984,34.6374 86.8680,34.6387 86.8376,34.6374 86.8074,34.6334 86.7777,34.6268 86.7487,34.6177 86.7206,34.6060 86.6937,34.5920 86.6680,34.5756 86.6439,34.5571 86.6214,34.5366 86.6009,34.5141 86.5824,34.4900 86.5660,34.4644 86.5520,34.4374 86.5403,34.4093 86.5312,34.3803 86.5246,34.3506 86.5206,34.3204 86.5193,34.2900 86.5206,34.2596 86.5246,34.2294 86.5312,34.1997 86.5403,34.1707 86.5520,34.1426 86.5660,34.1157 86.5824,34.0900 86.6009,34.0659 86.6214,34.0434 86.6439,34.0229 86.6680,34.0044 86.6937,33.9880 86.7206,33.9740 86.7487,33.9623 86.7777,33.9532 86.8074,33.9466 86.8376,33.9426 86.8680,33.9413 86.8984,33.9426 86.9286,33.9466 86.9583,33.9532 86.9873,33.9623 87.0154,33.9740 87.0423,33.9880 87.0680,34.0044 87.0921,34.0229 87.1146,34.0434 87.1351,34.0659 87.1536,34.0900 87.1700,34.1157 87.1840,34.1426 87.1957,34.1707 87.2048,34.1997 87.2114,34.2294 87.2154,34.2596 87.2167,34.2900;
  BEGIN_ASSOC
    ADD N5 :F1.000000 :R0 :T12345 'net=P1' 0.00, 0.00;
  END_ASSOC
ADD P5 :W0.000000  87.8530,33.2740 87.8517,33.3045 87.8477,33.3348 87.8411,33.3646 87.8319,33.3937 87.8202,33.4219 87.8061,33.4490 87.7897,33.4748 87.7711,33.4990 87.7505,33.5215 87.7280,33.5421 87.7038,33.5607 87.6780,33.5771 87.6509,33.5912 87.6227,33.6029 87.5936,33.6121 87.5638,33.6187 87.5335,33.6227 87.5030,33.6240 87.4725,33.6227 87.4422,33.6187 87.4124,33.6121 87.3833,33.6029 87.3551,33.5912 87.3280,33.5771 87.3022,33.5607 87.2780,33.5421 87.2555,33.5215 87.2349,33.4990 87.2163,33.4748 87.1999,33.4490 87.1858,33.4219 87.1741,33.3937 87.1649,33.3646 87.1583,33.3348 87.1543,33.3045 87.1530,33.2740 87.1543,33.2435 87.1583,33.2132 87.1649,33.1834 87.1741,33.1543 87.1858,33.1261 87.1999,33.0990 87.2163,33.0732 87.2349,33.0490 87.2555,33.0265 87.2780,33.0059 87.3022,32.9873 87.3280,32.9709 87.3551,32.9568 87.3833,32.9451 87.4124,32.9359 87.4422,32.9293 87.4725,32.9253 87.5030,32.9240 87.5335,32.9253 87.5638,32.9293 87.5936,32.9359 87.6227,32.9451 87.6509,32.9568 87.6780,32.9709 87.7038,32.9873 87.7280,33.0059 87.7505,33.0265 87.7711,33.0490 87.7897,33.0732 87.8061,33.0990 87.8202,33.1261 87.8319,33.1543 87.8411,33.1834 87.8477,33.2132 87.8517,33.2435 87.8530,33.2740;
  BEGIN_ASSOC
    ADD N5 :F1.000000 :R0 :T12345 'net=P1' 0.00, 0.00;
  END_ASSOC
ADD P5 :W0.000000  88.9960,33.2740 88.9947,33.3045 88.9907,33.3348 88.9841,33.3646 88.9749,33.3937 88.9632,33.4219 88.9491,33.4490 88.9327,33.4748 88.9141,33.4990 88.8935,33.5215 88.8710,33.5421 88.8468,33.5607 88.8210,33.5771 88.7939,33.5912 88.7657,33.6029 88.7366,33.6121 88.7068,33.6187 88.6765,33.6227 88.6460,33.6240 88.6155,33.6227 88.5852,33.6187 88.5554,33.6121 88.5263,33.6029 88.4981,33.5912 88.4710,33.5771 88.4452,33.5607 88.4210,33.5421 88.3985,33.5215 88.3779,33.4990 88.3593,33.4748 88.3429,33.4490 88.3288,33.4219 88.3171,33.3937 88.3079,33.3646 88.3013,33.3348 88.2973,33.3045 88.2960,33.2740 88.2973,33.2435 88.3013,33.2132 88.3079,33.1834 88.3171,33.1543 88.3288,33.1261 88.3429,33.0990 88.3593,33.0732 88.3779,33.0490 88.3985,33.0265 88.4210,33.0059 88.4452,32.9873 88.4710,32.9709 88.4981,32.9568 88.5263,32.9451 88.5554,32.9359 88.5852,32.9293 88.6155,32.9253 88.6460,32.9240 88.6765,32.9253 88.7068,32.9293 88.7366,32.9359 88.7657,32.9451 88.7939,32.9568 88.8210,32.9709 88.8468,32.9873 88.8710,33.0059 88.8935,33.0265 88.9141,33.0490 88.9327,33.0732 88.9491,33.0990 88.9632,33.1261 88.9749,33.1543 88.9841,33.1834 88.9907,33.2132 88.9947,33.2435 88.9960,33.2740;
  BEGIN_ASSOC
    ADD N5 :F1.000000 :R0 :T12345 'net=P1' 0.00, 0.00;
  END_ASSOC
ADD P5 :W0.000000  90.0120,34.4170 90.0107,34.4475 90.0067,34.4778 90.0001,34.5076 89.9909,34.5367 89.9792,34.5649 89.9651,34.5920 89.9487,34.6178 89.9301,34.6420 89.9095,34.6645 89.8870,34.6851 89.8628,34.7037 89.8370,34.7201 89.8099,34.7342 89.7817,34.7459 89.7526,34.7551 89.7228,34.7617 89.6925,34.7657 89.6620,34.7670 89.6315,34.7657 89.6012,34.7617 89.5714,34.7551 89.5423,34.7459 89.5141,34.7342 89.4870,34.7201 89.4612,34.7037 89.4370,34.6851 89.4145,34.6645 89.3939,34.6420 89.3753,34.6178 89.3589,34.5920 89.3448,34.5649 89.3331,34.5367 89.3239,34.5076 89.3173,34.4778 89.3133,34.4475 89.3120,34.4170 89.3133,34.3865 89.3173,34.3562 89.3239,34.3264 89.3331,34.2973 89.3448,34.2691 89.3589,34.2420 89.3753,34.2162 89.3939,34.1920 89.4145,34.1695 89.4370,34.1489 89.4612,34.1303 89.4870,34.1139 89.5141,34.0998 89.5423,34.0881 89.5714,34.0789 89.6012,34.0723 89.6315,34.0683 89.6620,34.0670 89.6925,34.0683 89.7228,34.0723 89.7526,34.0789 89.7817,34.0881 89.8099,34.0998 89.8370,34.1139 89.8628,34.1303 89.8870,34.1489 89.9095,34.1695 89.9301,34.1920 89.9487,34.2162 89.9651,34.2420 89.9792,34.2691 89.9909,34.2973 90.0001,34.3264 90.0067,34.3562 90.0107,34.3865 90.0120,34.4170;
  BEGIN_ASSOC
    ADD N5 :F1.000000 :R0 :T12345 'net=P1' 0.00, 0.00;
  END_ASSOC
ADD P5 :W0.000000  90.0107,33.2740 90.0094,33.3044 90.0054,33.3346 89.9988,33.3643 89.9897,33.3933 89.9780,33.4214 89.9640,33.4484 89.9476,33.4740 89.9291,33.4981 89.9086,33.5206 89.8861,33.5411 89.8620,33.5596 89.8364,33.5760 89.8094,33.5900 89.7813,33.6017 89.7523,33.6108 89.7226,33.6174 89.6924,33.6214 89.6620,33.6227 89.6316,33.6214 89.6014,33.6174 89.5717,33.6108 89.5427,33.6017 89.5146,33.5900 89.4877,33.5760 89.4620,33.5596 89.4379,33.5411 89.4154,33.5206 89.3949,33.4981 89.3764,33.4740 89.3600,33.4484 89.3460,33.4214 89.3343,33.3933 89.3252,33.3643 89.3186,33.3346 89.3146,33.3044 89.3133,33.2740 89.3146,33.2436 89.3186,33.2134 89.3252,33.1837 89.3343,33.1547 89.3460,33.1266 89.3600,33.0997 89.3764,33.0740 89.3949,33.0499 89.4154,33.0274 89.4379,33.0069 89.4620,32.9884 89.4877,32.9720 89.5146,32.9580 89.5427,32.9463 89.5717,32.9372 89.6014,32.9306 89.6316,32.9266 89.6620,32.9253 89.6924,32.9266 89.7226,32.9306 89.7523,32.9372 89.7813,32.9463 89.8094,32.9580 89.8364,32.9720 89.8620,32.9884 89.8861,33.0069 89.9086,33.0274 89.9291,33.0499 89.9476,33.0740 89.9640,33.0997 89.9780,33.1266 89.9897,33.1547 89.9988,33.1837 90.0054,33.2134 90.0094,33.2436 90.0107,33.2740;
  BEGIN_ASSOC
    ADD N5 :F1.000000 :R0 :T12345 'net=P1' 0.00, 0.00;
  END_ASSOC
ADD P5 :W0.000000  90.0120,32.2580 90.0107,32.2885 90.0067,32.3188 90.0001,32.3486 89.9909,32.3777 89.9792,32.4059 89.9651,32.4330 89.9487,32.4588 89.9301,32.4830 89.9095,32.5055 89.8870,32.5261 89.8628,32.5447 89.8370,32.5611 89.8099,32.5752 89.7817,32.5869 89.7526,32.5961 89.7228,32.6027 89.6925,32.6067 89.6620,32.6080 89.6315,32.6067 89.6012,32.6027 89.5714,32.5961 89.5423,32.5869 89.5141,32.5752 89.4870,32.5611 89.4612,32.5447 89.4370,32.5261 89.4145,32.5055 89.3939,32.4830 89.3753,32.4588 89.3589,32.4330 89.3448,32.4059 89.3331,32.3777 89.3239,32.3486 89.3173,32.3188 89.3133,32.2885 89.3120,32.2580 89.3133,32.2275 89.3173,32.1972 89.3239,32.1674 89.3331,32.1383 89.3448,32.1101 89.3589,32.0830 89.3753,32.0572 89.3939,32.0330 89.4145,32.0105 89.4370,31.9899 89.4612,31.9713 89.4870,31.9549 89.5141,31.9408 89.5423,31.9291 89.5714,31.9199 89.6012,31.9133 89.6315,31.9093 89.6620,31.9080 89.6925,31.9093 89.7228,31.9133 89.7526,31.9199 89.7817,31.9291 89.8099,31.9408 89.8370,31.9549 89.8628,31.9713 89.8870,31.9899 89.9095,32.0105 89.9301,32.0330 89.9487,32.0572 89.9651,32.0830 89.9792,32.1101 89.9909,32.1383 90.0001,32.1674 90.0067,32.1972 90.0107,32.2275 90.0120,32.2580;
  BEGIN_ASSOC
    ADD N5 :F1.000000 :R0 :T12345 'net=P1' 0.00, 0.00;
  END_ASSOC
ADD P5 :W0.000000  90.0120,31.2420 90.0107,31.2725 90.0067,31.3028 90.0001,31.3326 89.9909,31.3617 89.9792,31.3899 89.9651,31.4170 89.9487,31.4428 89.9301,31.4670 89.9095,31.4895 89.8870,31.5101 89.8628,31.5287 89.8370,31.5451 89.8099,31.5592 89.7817,31.5709 89.7526,31.5801 89.7228,31.5867 89.6925,31.5907 89.6620,31.5920 89.6315,31.5907 89.6012,31.5867 89.5714,31.5801 89.5423,31.5709 89.5141,31.5592 89.4870,31.5451 89.4612,31.5287 89.4370,31.5101 89.4145,31.4895 89.3939,31.4670 89.3753,31.4428 89.3589,31.4170 89.3448,31.3899 89.3331,31.3617 89.3239,31.3326 89.3173,31.3028 89.3133,31.2725 89.3120,31.2420 89.3133,31.2115 89.3173,31.1812 89.3239,31.1514 89.3331,31.1223 89.3448,31.0941 89.3589,31.0670 89.3753,31.0412 89.3939,31.0170 89.4145,30.9945 89.4370,30.9739 89.4612,30.9553 89.4870,30.9389 89.5141,30.9248 89.5423,30.9131 89.5714,30.9039 89.6012,30.8973 89.6315,30.8933 89.6620,30.8920 89.6925,30.8933 89.7228,30.8973 89.7526,30.9039 89.7817,30.9131 89.8099,30.9248 89.8370,30.9389 89.8628,30.9553 89.8870,30.9739 89.9095,30.9945 89.9301,31.0170 89.9487,31.0412 89.9651,31.0670 89.9792,31.0941 89.9909,31.1223 90.0001,31.1514 90.0067,31.1812 90.0107,31.2115 90.0120,31.2420;
  BEGIN_ASSOC
    ADD N5 :F1.000000 :R0 :T12345 'net=P1' 0.00, 0.00;
  END_ASSOC
ADD P5 :W0.000000  90.0120,30.2260 90.0107,30.2565 90.0067,30.2868 90.0001,30.3166 89.9909,30.3457 89.9792,30.3739 89.9651,30.4010 89.9487,30.4268 89.9301,30.4510 89.9095,30.4735 89.8870,30.4941 89.8628,30.5127 89.8370,30.5291 89.8099,30.5432 89.7817,30.5549 89.7526,30.5641 89.7228,30.5707 89.6925,30.5747 89.6620,30.5760 89.6315,30.5747 89.6012,30.5707 89.5714,30.5641 89.5423,30.5549 89.5141,30.5432 89.4870,30.5291 89.4612,30.5127 89.4370,30.4941 89.4145,30.4735 89.3939,30.4510 89.3753,30.4268 89.3589,30.4010 89.3448,30.3739 89.3331,30.3457 89.3239,30.3166 89.3173,30.2868 89.3133,30.2565 89.3120,30.2260 89.3133,30.1955 89.3173,30.1652 89.3239,30.1354 89.3331,30.1063 89.3448,30.0781 89.3589,30.0510 89.3753,30.0252 89.3939,30.0010 89.4145,29.9785 89.4370,29.9579 89.4612,29.9393 89.4870,29.9229 89.5141,29.9088 89.5423,29.8971 89.5714,29.8879 89.6012,29.8813 89.6315,29.8773 89.6620,29.8760 89.6925,29.8773 89.7228,29.8813 89.7526,29.8879 89.7817,29.8971 89.8099,29.9088 89.8370,29.9229 89.8628,29.9393 89.8870,29.9579 89.9095,29.9785 89.9301,30.0010 89.9487,30.0252 89.9651,30.0510 89.9792,30.0781 89.9909,30.1063 90.0001,30.1354 90.0067,30.1652 90.0107,30.1955 90.0120,30.2260;
  BEGIN_ASSOC
    ADD N5 :F1.000000 :R0 :T12345 'net=P1' 0.00, 0.00;
  END_ASSOC
ADD P5 :W0.000000  90.0120,29.2100 90.0107,29.2405 90.0067,29.2708 90.0001,29.3006 89.9909,29.3297 89.9792,29.3579 89.9651,29.3850 89.9487,29.4108 89.9301,29.4350 89.9095,29.4575 89.8870,29.4781 89.8628,29.4967 89.8370,29.5131 89.8099,29.5272 89.7817,29.5389 89.7526,29.5481 89.7228,29.5547 89.6925,29.5587 89.6620,29.5600 89.6315,29.5587 89.6012,29.5547 89.5714,29.5481 89.5423,29.5389 89.5141,29.5272 89.4870,29.5131 89.4612,29.4967 89.4370,29.4781 89.4145,29.4575 89.3939,29.4350 89.3753,29.4108 89.3589,29.3850 89.3448,29.3579 89.3331,29.3297 89.3239,29.3006 89.3173,29.2708 89.3133,29.2405 89.3120,29.2100 89.3133,29.1795 89.3173,29.1492 89.3239,29.1194 89.3331,29.0903 89.3448,29.0621 89.3589,29.0350 89.3753,29.0092 89.3939,28.9850 89.4145,28.9625 89.4370,28.9419 89.4612,28.9233 89.4870,28.9069 89.5141,28.8928 89.5423,28.8811 89.5714,28.8719 89.6012,28.8653 89.6315,28.8613 89.6620,28.8600 89.6925,28.8613 89.7228,28.8653 89.7526,28.8719 89.7817,28.8811 89.8099,28.8928 89.8370,28.9069 89.8628,28.9233 89.8870,28.9419 89.9095,28.9625 89.9301,28.9850 89.9487,29.0092 89.9651,29.0350 89.9792,29.0621 89.9909,29.0903 90.0001,29.1194 90.0067,29.1492 90.0107,29.1795 90.0120,29.2100;
  BEGIN_ASSOC
    ADD N5 :F1.000000 :R0 :T12345 'net=P1' 0.00, 0.00;
  END_ASSOC
ADD P5 :W0.000000  90.0120,28.1940 90.0107,28.2245 90.0067,28.2548 90.0001,28.2846 89.9909,28.3137 89.9792,28.3419 89.9651,28.3690 89.9487,28.3948 89.9301,28.4190 89.9095,28.4415 89.8870,28.4621 89.8628,28.4807 89.8370,28.4971 89.8099,28.5112 89.7817,28.5229 89.7526,28.5321 89.7228,28.5387 89.6925,28.5427 89.6620,28.5440 89.6315,28.5427 89.6012,28.5387 89.5714,28.5321 89.5423,28.5229 89.5141,28.5112 89.4870,28.4971 89.4612,28.4807 89.4370,28.4621 89.4145,28.4415 89.3939,28.4190 89.3753,28.3948 89.3589,28.3690 89.3448,28.3419 89.3331,28.3137 89.3239,28.2846 89.3173,28.2548 89.3133,28.2245 89.3120,28.1940 89.3133,28.1635 89.3173,28.1332 89.3239,28.1034 89.3331,28.0743 89.3448,28.0461 89.3589,28.0190 89.3753,27.9932 89.3939,27.9690 89.4145,27.9465 89.4370,27.9259 89.4612,27.9073 89.4870,27.8909 89.5141,27.8768 89.5423,27.8651 89.5714,27.8559 89.6012,27.8493 89.6315,27.8453 89.6620,27.8440 89.6925,27.8453 89.7228,27.8493 89.7526,27.8559 89.7817,27.8651 89.8099,27.8768 89.8370,27.8909 89.8628,27.9073 89.8870,27.9259 89.9095,27.9465 89.9301,27.9690 89.9487,27.9932 89.9651,28.0190 89.9792,28.0461 89.9909,28.0743 90.0001,28.1034 90.0067,28.1332 90.0107,28.1635 90.0120,28.1940;
  BEGIN_ASSOC
    ADD N5 :F1.000000 :R0 :T12345 'net=P1' 0.00, 0.00;
  END_ASSOC
ADD P5 :W0.000000  90.1377,27.0510 90.1364,27.0814 90.1324,27.1116 90.1258,27.1413 90.1167,27.1703 90.1050,27.1984 90.0910,27.2254 90.0746,27.2510 90.0561,27.2751 90.0356,27.2976 90.0131,27.3181 89.9890,27.3366 89.9634,27.3530 89.9364,27.3670 89.9083,27.3787 89.8793,27.3878 89.8496,27.3944 89.8194,27.3984 89.7890,27.3997 89.7586,27.3984 89.7284,27.3944 89.6987,27.3878 89.6697,27.3787 89.6416,27.3670 89.6146,27.3530 89.5890,27.3366 89.5649,27.3181 89.5424,27.2976 89.5219,27.2751 89.5034,27.2510 89.4870,27.2254 89.4730,27.1984 89.4613,27.1703 89.4522,27.1413 89.4456,27.1116 89.4416,27.0814 89.4403,27.0510 89.4416,27.0206 89.4456,26.9904 89.4522,26.9607 89.4613,26.9317 89.4730,26.9036 89.4870,26.8767 89.5034,26.8510 89.5219,26.8269 89.5424,26.8044 89.5649,26.7839 89.5890,26.7654 89.6146,26.7490 89.6416,26.7350 89.6697,26.7233 89.6987,26.7142 89.7284,26.7076 89.7586,26.7036 89.7890,26.7023 89.8194,26.7036 89.8496,26.7076 89.8793,26.7142 89.9083,26.7233 89.9364,26.7350 89.9634,26.7490 89.9890,26.7654 90.0131,26.7839 90.0356,26.8044 90.0561,26.8269 90.0746,26.8510 90.0910,26.8767 90.1050,26.9036 90.1167,26.9317 90.1258,26.9607 90.1324,26.9904 90.1364,27.0206 90.1377,27.0510;
  BEGIN_ASSOC
    ADD N5 :F1.000000 :R0 :T12345 'net=P1' 0.00, 0.00;
  END_ASSOC
ADD P5 :W0.000000  90.5200,26.0350 90.5187,26.0655 90.5147,26.0958 90.5081,26.1256 90.4989,26.1547 90.4872,26.1829 90.4731,26.2100 90.4567,26.2358 90.4381,26.2600 90.4175,26.2825 90.3950,26.3031 90.3708,26.3217 90.3450,26.3381 90.3179,26.3522 90.2897,26.3639 90.2606,26.3731 90.2308,26.3797 90.2005,26.3837 90.1700,26.3850 90.1395,26.3837 90.1092,26.3797 90.0794,26.3731 90.0503,26.3639 90.0221,26.3522 89.9950,26.3381 89.9692,26.3217 89.9450,26.3031 89.9225,26.2825 89.9019,26.2600 89.8833,26.2358 89.8669,26.2100 89.8528,26.1829 89.8411,26.1547 89.8319,26.1256 89.8253,26.0958 89.8213,26.0655 89.8200,26.0350 89.8213,26.0045 89.8253,25.9742 89.8319,25.9444 89.8411,25.9153 89.8528,25.8871 89.8669,25.8600 89.8833,25.8342 89.9019,25.8100 89.9225,25.7875 89.9450,25.7669 89.9692,25.7483 89.9950,25.7319 90.0221,25.7178 90.0503,25.7061 90.0794,25.6969 90.1092,25.6903 90.1395,25.6863 90.1700,25.6850 90.2005,25.6863 90.2308,25.6903 90.2606,25.6969 90.2897,25.7061 90.3179,25.7178 90.3450,25.7319 90.3708,25.7483 90.3950,25.7669 90.4175,25.7875 90.4381,25.8100 90.4567,25.8342 90.4731,25.8600 90.4872,25.8871 90.4989,25.9153 90.5081,25.9444 90.5147,25.9742 90.5187,26.0045 90.5200,26.0350;
  BEGIN_ASSOC
    ADD N5 :F1.000000 :R0 :T12345 'net=P1' 0.00, 0.00;
  END_ASSOC
ADD P5 :W0.000000  91.5347,25.4000 91.5334,25.4304 91.5294,25.4606 91.5228,25.4903 91.5137,25.5193 91.5020,25.5474 91.4880,25.5744 91.4716,25.6000 91.4531,25.6241 91.4326,25.6466 91.4101,25.6671 91.3860,25.6856 91.3604,25.7020 91.3334,25.7160 91.3053,25.7277 91.2763,25.7368 91.2466,25.7434 91.2164,25.7474 91.1860,25.7487 91.1556,25.7474 91.1254,25.7434 91.0957,25.7368 91.0667,25.7277 91.0386,25.7160 91.0117,25.7020 90.9860,25.6856 90.9619,25.6671 90.9394,25.6466 90.9189,25.6241 90.9004,25.6000 90.8840,25.5744 90.8700,25.5474 90.8583,25.5193 90.8492,25.4903 90.8426,25.4606 90.8386,25.4304 90.8373,25.4000 90.8386,25.3696 90.8426,25.3394 90.8492,25.3097 90.8583,25.2807 90.8700,25.2526 90.8840,25.2257 90.9004,25.2000 90.9189,25.1759 90.9394,25.1534 90.9619,25.1329 90.9860,25.1144 91.0117,25.0980 91.0386,25.0840 91.0667,25.0723 91.0957,25.0632 91.1254,25.0566 91.1556,25.0526 91.1860,25.0513 91.2164,25.0526 91.2466,25.0566 91.2763,25.0632 91.3053,25.0723 91.3334,25.0840 91.3604,25.0980 91.3860,25.1144 91.4101,25.1329 91.4326,25.1534 91.4531,25.1759 91.4716,25.2000 91.4880,25.2257 91.5020,25.2526 91.5137,25.2807 91.5228,25.3097 91.5294,25.3394 91.5334,25.3696 91.5347,25.4000;
  BEGIN_ASSOC
    ADD N5 :F1.000000 :R0 :T12345 'net=P1' 0.00, 0.00;
  END_ASSOC
ADD P5 :W0.000000  92.6790,25.4000 92.6777,25.4305 92.6737,25.4608 92.6671,25.4906 92.6579,25.5197 92.6462,25.5479 92.6321,25.5750 92.6157,25.6008 92.5971,25.6250 92.5765,25.6475 92.5540,25.6681 92.5298,25.6867 92.5040,25.7031 92.4769,25.7172 92.4487,25.7289 92.4196,25.7381 92.3898,25.7447 92.3595,25.7487 92.3290,25.7500 92.2985,25.7487 92.2682,25.7447 92.2384,25.7381 92.2093,25.7289 92.1811,25.7172 92.1540,25.7031 92.1282,25.6867 92.1040,25.6681 92.0815,25.6475 92.0609,25.6250 92.0423,25.6008 92.0259,25.5750 92.0118,25.5479 92.0001,25.5197 91.9909,25.4906 91.9843,25.4608 91.9803,25.4305 91.9790,25.4000 91.9803,25.3695 91.9843,25.3392 91.9909,25.3094 92.0001,25.2803 92.0118,25.2521 92.0259,25.2250 92.0423,25.1992 92.0609,25.1750 92.0815,25.1525 92.1040,25.1319 92.1282,25.1133 92.1540,25.0969 92.1811,25.0828 92.2093,25.0711 92.2384,25.0619 92.2682,25.0553 92.2985,25.0513 92.3290,25.0500 92.3595,25.0513 92.3898,25.0553 92.4196,25.0619 92.4487,25.0711 92.4769,25.0828 92.5040,25.0969 92.5298,25.1133 92.5540,25.1319 92.5765,25.1525 92.5971,25.1750 92.6157,25.1992 92.6321,25.2250 92.6462,25.2521 92.6579,25.2803 92.6671,25.3094 92.6737,25.3392 92.6777,25.3695 92.6790,25.4000;
  BEGIN_ASSOC
    ADD N5 :F1.000000 :R0 :T12345 'net=P1' 0.00, 0.00;
  END_ASSOC
ADD P5 :W0.000000  93.6950,25.4000 93.6937,25.4305 93.6897,25.4608 93.6831,25.4906 93.6739,25.5197 93.6622,25.5479 93.6481,25.5750 93.6317,25.6008 93.6131,25.6250 93.5925,25.6475 93.5700,25.6681 93.5458,25.6867 93.5200,25.7031 93.4929,25.7172 93.4647,25.7289 93.4356,25.7381 93.4058,25.7447 93.3755,25.7487 93.3450,25.7500 93.3145,25.7487 93.2842,25.7447 93.2544,25.7381 93.2253,25.7289 93.1971,25.7172 93.1700,25.7031 93.1442,25.6867 93.1200,25.6681 93.0975,25.6475 93.0769,25.6250 93.0583,25.6008 93.0419,25.5750 93.0278,25.5479 93.0161,25.5197 93.0069,25.4906 93.0003,25.4608 92.9963,25.4305 92.9950,25.4000 92.9963,25.3695 93.0003,25.3392 93.0069,25.3094 93.0161,25.2803 93.0278,25.2521 93.0419,25.2250 93.0583,25.1992 93.0769,25.1750 93.0975,25.1525 93.1200,25.1319 93.1442,25.1133 93.1700,25.0969 93.1971,25.0828 93.2253,25.0711 93.2544,25.0619 93.2842,25.0553 93.3145,25.0513 93.3450,25.0500 93.3755,25.0513 93.4058,25.0553 93.4356,25.0619 93.4647,25.0711 93.4929,25.0828 93.5200,25.0969 93.5458,25.1133 93.5700,25.1319 93.5925,25.1525 93.6131,25.1750 93.6317,25.1992 93.6481,25.2250 93.6622,25.2521 93.6739,25.2803 93.6831,25.3094 93.6897,25.3392 93.6937,25.3695 93.6950,25.4000;
  BEGIN_ASSOC
    ADD N5 :F1.000000 :R0 :T12345 'net=P1' 0.00, 0.00;
  END_ASSOC
ADD P5 :W0.000000  93.6950,24.2570 93.6937,24.2875 93.6897,24.3178 93.6831,24.3476 93.6739,24.3767 93.6622,24.4049 93.6481,24.4320 93.6317,24.4578 93.6131,24.4820 93.5925,24.5045 93.5700,24.5251 93.5458,24.5437 93.5200,24.5601 93.4929,24.5742 93.4647,24.5859 93.4356,24.5951 93.4058,24.6017 93.3755,24.6057 93.3450,24.6070 93.3145,24.6057 93.2842,24.6017 93.2544,24.5951 93.2253,24.5859 93.1971,24.5742 93.1700,24.5601 93.1442,24.5437 93.1200,24.5251 93.0975,24.5045 93.0769,24.4820 93.0583,24.4578 93.0419,24.4320 93.0278,24.4049 93.0161,24.3767 93.0069,24.3476 93.0003,24.3178 92.9963,24.2875 92.9950,24.2570 92.9963,24.2265 93.0003,24.1962 93.0069,24.1664 93.0161,24.1373 93.0278,24.1091 93.0419,24.0820 93.0583,24.0562 93.0769,24.0320 93.0975,24.0095 93.1200,23.9889 93.1442,23.9703 93.1700,23.9539 93.1971,23.9398 93.2253,23.9281 93.2544,23.9189 93.2842,23.9123 93.3145,23.9083 93.3450,23.9070 93.3755,23.9083 93.4058,23.9123 93.4356,23.9189 93.4647,23.9281 93.4929,23.9398 93.5200,23.9539 93.5458,23.9703 93.5700,23.9889 93.5925,24.0095 93.6131,24.0320 93.6317,24.0562 93.6481,24.0820 93.6622,24.1091 93.6739,24.1373 93.6831,24.1664 93.6897,24.1962 93.6937,24.2265 93.6950,24.2570;
  BEGIN_ASSOC
    ADD N5 :F1.000000 :R0 :T12345 'net=P1' 0.00, 0.00;
  END_ASSOC
ADD P5 :W0.000000  93.6950,23.1140 93.6937,23.1445 93.6897,23.1748 93.6831,23.2046 93.6739,23.2337 93.6622,23.2619 93.6481,23.2890 93.6317,23.3148 93.6131,23.3390 93.5925,23.3615 93.5700,23.3821 93.5458,23.4007 93.5200,23.4171 93.4929,23.4312 93.4647,23.4429 93.4356,23.4521 93.4058,23.4587 93.3755,23.4627 93.3450,23.4640 93.3145,23.4627 93.2842,23.4587 93.2544,23.4521 93.2253,23.4429 93.1971,23.4312 93.1700,23.4171 93.1442,23.4007 93.1200,23.3821 93.0975,23.3615 93.0769,23.3390 93.0583,23.3148 93.0419,23.2890 93.0278,23.2619 93.0161,23.2337 93.0069,23.2046 93.0003,23.1748 92.9963,23.1445 92.9950,23.1140 92.9963,23.0835 93.0003,23.0532 93.0069,23.0234 93.0161,22.9943 93.0278,22.9661 93.0419,22.9390 93.0583,22.9132 93.0769,22.8890 93.0975,22.8665 93.1200,22.8459 93.1442,22.8273 93.1700,22.8109 93.1971,22.7968 93.2253,22.7851 93.2544,22.7759 93.2842,22.7693 93.3145,22.7653 93.3450,22.7640 93.3755,22.7653 93.4058,22.7693 93.4356,22.7759 93.4647,22.7851 93.4929,22.7968 93.5200,22.8109 93.5458,22.8273 93.5700,22.8459 93.5925,22.8665 93.6131,22.8890 93.6317,22.9132 93.6481,22.9390 93.6622,22.9661 93.6739,22.9943 93.6831,23.0234 93.6897,23.0532 93.6937,23.0835 93.6950,23.1140;
  BEGIN_ASSOC
    ADD N5 :F1.000000 :R0 :T12345 'net=P1' 0.00, 0.00;
  END_ASSOC
ADD P5 :W0.000000  93.6950,21.9710 93.6937,22.0015 93.6897,22.0318 93.6831,22.0616 93.6739,22.0907 93.6622,22.1189 93.6481,22.1460 93.6317,22.1718 93.6131,22.1960 93.5925,22.2185 93.5700,22.2391 93.5458,22.2577 93.5200,22.2741 93.4929,22.2882 93.4647,22.2999 93.4356,22.3091 93.4058,22.3157 93.3755,22.3197 93.3450,22.3210 93.3145,22.3197 93.2842,22.3157 93.2544,22.3091 93.2253,22.2999 93.1971,22.2882 93.1700,22.2741 93.1442,22.2577 93.1200,22.2391 93.0975,22.2185 93.0769,22.1960 93.0583,22.1718 93.0419,22.1460 93.0278,22.1189 93.0161,22.0907 93.0069,22.0616 93.0003,22.0318 92.9963,22.0015 92.9950,21.9710 92.9963,21.9405 93.0003,21.9102 93.0069,21.8804 93.0161,21.8513 93.0278,21.8231 93.0419,21.7960 93.0583,21.7702 93.0769,21.7460 93.0975,21.7235 93.1200,21.7029 93.1442,21.6843 93.1700,21.6679 93.1971,21.6538 93.2253,21.6421 93.2544,21.6329 93.2842,21.6263 93.3145,21.6223 93.3450,21.6210 93.3755,21.6223 93.4058,21.6263 93.4356,21.6329 93.4647,21.6421 93.4929,21.6538 93.5200,21.6679 93.5458,21.6843 93.5700,21.7029 93.5925,21.7235 93.6131,21.7460 93.6317,21.7702 93.6481,21.7960 93.6622,21.8231 93.6739,21.8513 93.6831,21.8804 93.6897,21.9102 93.6937,21.9405 93.6950,21.9710;
  BEGIN_ASSOC
    ADD N5 :F1.000000 :R0 :T12345 'net=P1' 0.00, 0.00;
  END_ASSOC
ADD P5 :W0.000000  93.6937,20.8280 93.6924,20.8584 93.6884,20.8886 93.6818,20.9183 93.6727,20.9473 93.6610,20.9754 93.6470,21.0023 93.6306,21.0280 93.6121,21.0521 93.5916,21.0746 93.5691,21.0951 93.5450,21.1136 93.5194,21.1300 93.4924,21.1440 93.4643,21.1557 93.4353,21.1648 93.4056,21.1714 93.3754,21.1754 93.3450,21.1767 93.3146,21.1754 93.2844,21.1714 93.2547,21.1648 93.2257,21.1557 93.1976,21.1440 93.1707,21.1300 93.1450,21.1136 93.1209,21.0951 93.0984,21.0746 93.0779,21.0521 93.0594,21.0280 93.0430,21.0023 93.0290,20.9754 93.0173,20.9473 93.0082,20.9183 93.0016,20.8886 92.9976,20.8584 92.9963,20.8280 92.9976,20.7976 93.0016,20.7674 93.0082,20.7377 93.0173,20.7087 93.0290,20.6806 93.0430,20.6537 93.0594,20.6280 93.0779,20.6039 93.0984,20.5814 93.1209,20.5609 93.1450,20.5424 93.1707,20.5260 93.1976,20.5120 93.2257,20.5003 93.2547,20.4912 93.2844,20.4846 93.3146,20.4806 93.3450,20.4793 93.3754,20.4806 93.4056,20.4846 93.4353,20.4912 93.4643,20.5003 93.4924,20.5120 93.5194,20.5260 93.5450,20.5424 93.5691,20.5609 93.5916,20.5814 93.6121,20.6039 93.6306,20.6280 93.6470,20.6537 93.6610,20.6806 93.6727,20.7087 93.6818,20.7377 93.6884,20.7674 93.6924,20.7976 93.6937,20.8280;
  BEGIN_ASSOC
    ADD N5 :F1.000000 :R0 :T12345 'net=P1' 0.00, 0.00;
  END_ASSOC
ADD P5 :W0.000000  93.6937,19.6850 93.6924,19.7154 93.6884,19.7456 93.6818,19.7753 93.6727,19.8043 93.6610,19.8324 93.6470,19.8594 93.6306,19.8850 93.6121,19.9091 93.5916,19.9316 93.5691,19.9521 93.5450,19.9706 93.5194,19.9870 93.4924,20.0010 93.4643,20.0127 93.4353,20.0218 93.4056,20.0284 93.3754,20.0324 93.3450,20.0337 93.3146,20.0324 93.2844,20.0284 93.2547,20.0218 93.2257,20.0127 93.1976,20.0010 93.1707,19.9870 93.1450,19.9706 93.1209,19.9521 93.0984,19.9316 93.0779,19.9091 93.0594,19.8850 93.0430,19.8594 93.0290,19.8324 93.0173,19.8043 93.0082,19.7753 93.0016,19.7456 92.9976,19.7154 92.9963,19.6850 92.9976,19.6546 93.0016,19.6244 93.0082,19.5947 93.0173,19.5657 93.0290,19.5376 93.0430,19.5107 93.0594,19.4850 93.0779,19.4609 93.0984,19.4384 93.1209,19.4179 93.1450,19.3994 93.1707,19.3830 93.1976,19.3690 93.2257,19.3573 93.2547,19.3482 93.2844,19.3416 93.3146,19.3376 93.3450,19.3363 93.3754,19.3376 93.4056,19.3416 93.4353,19.3482 93.4643,19.3573 93.4924,19.3690 93.5194,19.3830 93.5450,19.3994 93.5691,19.4179 93.5916,19.4384 93.6121,19.4609 93.6306,19.4850 93.6470,19.5107 93.6610,19.5376 93.6727,19.5657 93.6818,19.5947 93.6884,19.6244 93.6924,19.6546 93.6937,19.6850;
  BEGIN_ASSOC
    ADD N5 :F1.000000 :R0 :T12345 'net=P1' 0.00, 0.00;
  END_ASSOC
ADD P5 :W0.000000  93.6950,18.5420 93.6937,18.5725 93.6897,18.6028 93.6831,18.6326 93.6739,18.6617 93.6622,18.6899 93.6481,18.7170 93.6317,18.7428 93.6131,18.7670 93.5925,18.7895 93.5700,18.8101 93.5458,18.8287 93.5200,18.8451 93.4929,18.8592 93.4647,18.8709 93.4356,18.8801 93.4058,18.8867 93.3755,18.8907 93.3450,18.8920 93.3145,18.8907 93.2842,18.8867 93.2544,18.8801 93.2253,18.8709 93.1971,18.8592 93.1700,18.8451 93.1442,18.8287 93.1200,18.8101 93.0975,18.7895 93.0769,18.7670 93.0583,18.7428 93.0419,18.7170 93.0278,18.6899 93.0161,18.6617 93.0069,18.6326 93.0003,18.6028 92.9963,18.5725 92.9950,18.5420 92.9963,18.5115 93.0003,18.4812 93.0069,18.4514 93.0161,18.4223 93.0278,18.3941 93.0419,18.3670 93.0583,18.3412 93.0769,18.3170 93.0975,18.2945 93.1200,18.2739 93.1442,18.2553 93.1700,18.2389 93.1971,18.2248 93.2253,18.2131 93.2544,18.2039 93.2842,18.1973 93.3145,18.1933 93.3450,18.1920 93.3755,18.1933 93.4058,18.1973 93.4356,18.2039 93.4647,18.2131 93.4929,18.2248 93.5200,18.2389 93.5458,18.2553 93.5700,18.2739 93.5925,18.2945 93.6131,18.3170 93.6317,18.3412 93.6481,18.3670 93.6622,18.3941 93.6739,18.4223 93.6831,18.4514 93.6897,18.4812 93.6937,18.5115 93.6950,18.5420;
  BEGIN_ASSOC
    ADD N5 :F1.000000 :R0 :T12345 'net=P1' 0.00, 0.00;
  END_ASSOC
ADD P5 :W0.000000  93.6937,17.3990 93.6924,17.4294 93.6884,17.4596 93.6818,17.4893 93.6727,17.5183 93.6610,17.5464 93.6470,17.5734 93.6306,17.5990 93.6121,17.6231 93.5916,17.6456 93.5691,17.6661 93.5450,17.6846 93.5194,17.7010 93.4924,17.7150 93.4643,17.7267 93.4353,17.7358 93.4056,17.7424 93.3754,17.7464 93.3450,17.7477 93.3146,17.7464 93.2844,17.7424 93.2547,17.7358 93.2257,17.7267 93.1976,17.7150 93.1707,17.7010 93.1450,17.6846 93.1209,17.6661 93.0984,17.6456 93.0779,17.6231 93.0594,17.5990 93.0430,17.5734 93.0290,17.5464 93.0173,17.5183 93.0082,17.4893 93.0016,17.4596 92.9976,17.4294 92.9963,17.3990 92.9976,17.3686 93.0016,17.3384 93.0082,17.3087 93.0173,17.2797 93.0290,17.2516 93.0430,17.2247 93.0594,17.1990 93.0779,17.1749 93.0984,17.1524 93.1209,17.1319 93.1450,17.1134 93.1707,17.0970 93.1976,17.0830 93.2257,17.0713 93.2547,17.0622 93.2844,17.0556 93.3146,17.0516 93.3450,17.0503 93.3754,17.0516 93.4056,17.0556 93.4353,17.0622 93.4643,17.0713 93.4924,17.0830 93.5194,17.0970 93.5450,17.1134 93.5691,17.1319 93.5916,17.1524 93.6121,17.1749 93.6306,17.1990 93.6470,17.2247 93.6610,17.2516 93.6727,17.2797 93.6818,17.3087 93.6884,17.3384 93.6924,17.3686 93.6937,17.3990;
  BEGIN_ASSOC
    ADD N5 :F1.000000 :R0 :T12345 'net=P1' 0.00, 0.00;
  END_ASSOC
ADD P5 :W0.000000  93.6950,16.2560 93.6937,16.2865 93.6897,16.3168 93.6831,16.3466 93.6739,16.3757 93.6622,16.4039 93.6481,16.4310 93.6317,16.4568 93.6131,16.4810 93.5925,16.5035 93.5700,16.5241 93.5458,16.5427 93.5200,16.5591 93.4929,16.5732 93.4647,16.5849 93.4356,16.5941 93.4058,16.6007 93.3755,16.6047 93.3450,16.6060 93.3145,16.6047 93.2842,16.6007 93.2544,16.5941 93.2253,16.5849 93.1971,16.5732 93.1700,16.5591 93.1442,16.5427 93.1200,16.5241 93.0975,16.5035 93.0769,16.4810 93.0583,16.4568 93.0419,16.4310 93.0278,16.4039 93.0161,16.3757 93.0069,16.3466 93.0003,16.3168 92.9963,16.2865 92.9950,16.2560 92.9963,16.2255 93.0003,16.1952 93.0069,16.1654 93.0161,16.1363 93.0278,16.1081 93.0419,16.0810 93.0583,16.0552 93.0769,16.0310 93.0975,16.0085 93.1200,15.9879 93.1442,15.9693 93.1700,15.9529 93.1971,15.9388 93.2253,15.9271 93.2544,15.9179 93.2842,15.9113 93.3145,15.9073 93.3450,15.9060 93.3755,15.9073 93.4058,15.9113 93.4356,15.9179 93.4647,15.9271 93.4929,15.9388 93.5200,15.9529 93.5458,15.9693 93.5700,15.9879 93.5925,16.0085 93.6131,16.0310 93.6317,16.0552 93.6481,16.0810 93.6622,16.1081 93.6739,16.1363 93.6831,16.1654 93.6897,16.1952 93.6937,16.2255 93.6950,16.2560;
  BEGIN_ASSOC
    ADD N5 :F1.000000 :R0 :T12345 'net=P1' 0.00, 0.00;
  END_ASSOC
ADD P5 :W0.000000  93.6937,15.1130 93.6924,15.1434 93.6884,15.1736 93.6818,15.2033 93.6727,15.2323 93.6610,15.2604 93.6470,15.2873 93.6306,15.3130 93.6121,15.3371 93.5916,15.3596 93.5691,15.3801 93.5450,15.3986 93.5194,15.4150 93.4924,15.4290 93.4643,15.4407 93.4353,15.4498 93.4056,15.4564 93.3754,15.4604 93.3450,15.4617 93.3146,15.4604 93.2844,15.4564 93.2547,15.4498 93.2257,15.4407 93.1976,15.4290 93.1707,15.4150 93.1450,15.3986 93.1209,15.3801 93.0984,15.3596 93.0779,15.3371 93.0594,15.3130 93.0430,15.2873 93.0290,15.2604 93.0173,15.2323 93.0082,15.2033 93.0016,15.1736 92.9976,15.1434 92.9963,15.1130 92.9976,15.0826 93.0016,15.0524 93.0082,15.0227 93.0173,14.9937 93.0290,14.9656 93.0430,14.9387 93.0594,14.9130 93.0779,14.8889 93.0984,14.8664 93.1209,14.8459 93.1450,14.8274 93.1707,14.8110 93.1976,14.7970 93.2257,14.7853 93.2547,14.7762 93.2844,14.7696 93.3146,14.7656 93.3450,14.7643 93.3754,14.7656 93.4056,14.7696 93.4353,14.7762 93.4643,14.7853 93.4924,14.7970 93.5194,14.8110 93.5450,14.8274 93.5691,14.8459 93.5916,14.8664 93.6121,14.8889 93.6306,14.9130 93.6470,14.9387 93.6610,14.9656 93.6727,14.9937 93.6818,15.0227 93.6884,15.0524 93.6924,15.0826 93.6937,15.1130;
  BEGIN_ASSOC
    ADD N5 :F1.000000 :R0 :T12345 'net=P1' 0.00, 0.00;
  END_ASSOC
ADD P5 :W0.000000  93.6950,13.9700 93.6937,14.0005 93.6897,14.0308 93.6831,14.0606 93.6739,14.0897 93.6622,14.1179 93.6481,14.1450 93.6317,14.1708 93.6131,14.1950 93.5925,14.2175 93.5700,14.2381 93.5458,14.2567 93.5200,14.2731 93.4929,14.2872 93.4647,14.2989 93.4356,14.3081 93.4058,14.3147 93.3755,14.3187 93.3450,14.3200 93.3145,14.3187 93.2842,14.3147 93.2544,14.3081 93.2253,14.2989 93.1971,14.2872 93.1700,14.2731 93.1442,14.2567 93.1200,14.2381 93.0975,14.2175 93.0769,14.1950 93.0583,14.1708 93.0419,14.1450 93.0278,14.1179 93.0161,14.0897 93.0069,14.0606 93.0003,14.0308 92.9963,14.0005 92.9950,13.9700 92.9963,13.9395 93.0003,13.9092 93.0069,13.8794 93.0161,13.8503 93.0278,13.8221 93.0419,13.7950 93.0583,13.7692 93.0769,13.7450 93.0975,13.7225 93.1200,13.7019 93.1442,13.6833 93.1700,13.6669 93.1971,13.6528 93.2253,13.6411 93.2544,13.6319 93.2842,13.6253 93.3145,13.6213 93.3450,13.6200 93.3755,13.6213 93.4058,13.6253 93.4356,13.6319 93.4647,13.6411 93.4929,13.6528 93.5200,13.6669 93.5458,13.6833 93.5700,13.7019 93.5925,13.7225 93.6131,13.7450 93.6317,13.7692 93.6481,13.7950 93.6622,13.8221 93.6739,13.8503 93.6831,13.8794 93.6897,13.9092 93.6937,13.9395 93.6950,13.9700;
  BEGIN_ASSOC
    ADD N5 :F1.000000 :R0 :T12345 'net=P1' 0.00, 0.00;
  END_ASSOC
ADD P5 :W0.000000  93.6950,12.8270 93.6937,12.8575 93.6897,12.8878 93.6831,12.9176 93.6739,12.9467 93.6622,12.9749 93.6481,13.0020 93.6317,13.0278 93.6131,13.0520 93.5925,13.0745 93.5700,13.0951 93.5458,13.1137 93.5200,13.1301 93.4929,13.1442 93.4647,13.1559 93.4356,13.1651 93.4058,13.1717 93.3755,13.1757 93.3450,13.1770 93.3145,13.1757 93.2842,13.1717 93.2544,13.1651 93.2253,13.1559 93.1971,13.1442 93.1700,13.1301 93.1442,13.1137 93.1200,13.0951 93.0975,13.0745 93.0769,13.0520 93.0583,13.0278 93.0419,13.0020 93.0278,12.9749 93.0161,12.9467 93.0069,12.9176 93.0003,12.8878 92.9963,12.8575 92.9950,12.8270 92.9963,12.7965 93.0003,12.7662 93.0069,12.7364 93.0161,12.7073 93.0278,12.6791 93.0419,12.6520 93.0583,12.6262 93.0769,12.6020 93.0975,12.5795 93.1200,12.5589 93.1442,12.5403 93.1700,12.5239 93.1971,12.5098 93.2253,12.4981 93.2544,12.4889 93.2842,12.4823 93.3145,12.4783 93.3450,12.4770 93.3755,12.4783 93.4058,12.4823 93.4356,12.4889 93.4647,12.4981 93.4929,12.5098 93.5200,12.5239 93.5458,12.5403 93.5700,12.5589 93.5925,12.5795 93.6131,12.6020 93.6317,12.6262 93.6481,12.6520 93.6622,12.6791 93.6739,12.7073 93.6831,12.7364 93.6897,12.7662 93.6937,12.7965 93.6950,12.8270;
  BEGIN_ASSOC
    ADD N5 :F1.000000 :R0 :T12345 'net=P1' 0.00, 0.00;
  END_ASSOC
ADD P5 :W0.000000  93.6950,11.6840 93.6937,11.7145 93.6897,11.7448 93.6831,11.7746 93.6739,11.8037 93.6622,11.8319 93.6481,11.8590 93.6317,11.8848 93.6131,11.9090 93.5925,11.9315 93.5700,11.9521 93.5458,11.9707 93.5200,11.9871 93.4929,12.0012 93.4647,12.0129 93.4356,12.0221 93.4058,12.0287 93.3755,12.0327 93.3450,12.0340 93.3145,12.0327 93.2842,12.0287 93.2544,12.0221 93.2253,12.0129 93.1971,12.0012 93.1700,11.9871 93.1442,11.9707 93.1200,11.9521 93.0975,11.9315 93.0769,11.9090 93.0583,11.8848 93.0419,11.8590 93.0278,11.8319 93.0161,11.8037 93.0069,11.7746 93.0003,11.7448 92.9963,11.7145 92.9950,11.6840 92.9963,11.6535 93.0003,11.6232 93.0069,11.5934 93.0161,11.5643 93.0278,11.5361 93.0419,11.5090 93.0583,11.4832 93.0769,11.4590 93.0975,11.4365 93.1200,11.4159 93.1442,11.3973 93.1700,11.3809 93.1971,11.3668 93.2253,11.3551 93.2544,11.3459 93.2842,11.3393 93.3145,11.3353 93.3450,11.3340 93.3755,11.3353 93.4058,11.3393 93.4356,11.3459 93.4647,11.3551 93.4929,11.3668 93.5200,11.3809 93.5458,11.3973 93.5700,11.4159 93.5925,11.4365 93.6131,11.4590 93.6317,11.4832 93.6481,11.5090 93.6622,11.5361 93.6739,11.5643 93.6831,11.5934 93.6897,11.6232 93.6937,11.6535 93.6950,11.6840;
  BEGIN_ASSOC
    ADD N5 :F1.000000 :R0 :T12345 'net=P1' 0.00, 0.00;
  END_ASSOC
ADD P5 :W0.000000  95.1161,10.7442 95.1148,10.7746 95.1108,10.8048 95.1042,10.8345 95.0951,10.8635 95.0834,10.8916 95.0694,10.9185 95.0530,10.9442 95.0345,10.9683 95.0140,10.9908 94.9915,11.0113 94.9674,11.0298 94.9417,11.0462 94.9148,11.0602 94.8867,11.0719 94.8577,11.0810 94.8280,11.0876 94.7978,11.0916 94.7674,11.0929 94.7370,11.0916 94.7068,11.0876 94.6771,11.0810 94.6481,11.0719 94.6200,11.0602 94.5931,11.0462 94.5674,11.0298 94.5433,11.0113 94.5208,10.9908 94.5003,10.9683 94.4818,10.9442 94.4654,10.9185 94.4514,10.8916 94.4397,10.8635 94.4306,10.8345 94.4240,10.8048 94.4200,10.7746 94.4187,10.7442 94.4200,10.7138 94.4240,10.6836 94.4306,10.6539 94.4397,10.6249 94.4514,10.5968 94.4654,10.5699 94.4818,10.5442 94.5003,10.5201 94.5208,10.4976 94.5433,10.4771 94.5674,10.4586 94.5931,10.4422 94.6200,10.4282 94.6481,10.4165 94.6771,10.4074 94.7068,10.4008 94.7370,10.3968 94.7674,10.3955 94.7978,10.3968 94.8280,10.4008 94.8577,10.4074 94.8867,10.4165 94.9148,10.4282 94.9417,10.4422 94.9674,10.4586 94.9915,10.4771 95.0140,10.4976 95.0345,10.5201 95.0530,10.5442 95.0694,10.5699 95.0834,10.5968 95.0951,10.6249 95.1042,10.6539 95.1108,10.6836 95.1148,10.7138 95.1161,10.7442;
  BEGIN_ASSOC
    ADD N5 :F1.000000 :R0 :T12345 'net=P1' 0.00, 0.00;
  END_ASSOC
ADD P5 :W0.000000  96.2591,10.7442 96.2578,10.7746 96.2538,10.8048 96.2472,10.8345 96.2381,10.8635 96.2264,10.8916 96.2124,10.9185 96.1960,10.9442 96.1775,10.9683 96.1570,10.9908 96.1345,11.0113 96.1104,11.0298 96.0847,11.0462 96.0578,11.0602 96.0297,11.0719 96.0007,11.0810 95.9710,11.0876 95.9408,11.0916 95.9104,11.0929 95.8800,11.0916 95.8498,11.0876 95.8201,11.0810 95.7911,11.0719 95.7630,11.0602 95.7361,11.0462 95.7104,11.0298 95.6863,11.0113 95.6638,10.9908 95.6433,10.9683 95.6248,10.9442 95.6084,10.9185 95.5944,10.8916 95.5827,10.8635 95.5736,10.8345 95.5670,10.8048 95.5630,10.7746 95.5617,10.7442 95.5630,10.7138 95.5670,10.6836 95.5736,10.6539 95.5827,10.6249 95.5944,10.5968 95.6084,10.5699 95.6248,10.5442 95.6433,10.5201 95.6638,10.4976 95.6863,10.4771 95.7104,10.4586 95.7361,10.4422 95.7630,10.4282 95.7911,10.4165 95.8201,10.4074 95.8498,10.4008 95.8800,10.3968 95.9104,10.3955 95.9408,10.3968 95.9710,10.4008 96.0007,10.4074 96.0297,10.4165 96.0578,10.4282 96.0847,10.4422 96.1104,10.4586 96.1345,10.4771 96.1570,10.4976 96.1775,10.5201 96.1960,10.5442 96.2124,10.5699 96.2264,10.5968 96.2381,10.6249 96.2472,10.6539 96.2538,10.6836 96.2578,10.7138 96.2591,10.7442;
  BEGIN_ASSOC
    ADD N5 :F1.000000 :R0 :T12345 'net=P1' 0.00, 0.00;
  END_ASSOC
ADD P5 :W0.000000  97.4034,10.7442 97.4021,10.7747 97.3981,10.8050 97.3915,10.8348 97.3823,10.8639 97.3706,10.8921 97.3565,10.9192 97.3401,10.9450 97.3215,10.9692 97.3009,10.9917 97.2784,11.0123 97.2542,11.0309 97.2284,11.0473 97.2013,11.0614 97.1731,11.0731 97.1440,11.0823 97.1142,11.0889 97.0839,11.0929 97.0534,11.0942 97.0229,11.0929 96.9926,11.0889 96.9628,11.0823 96.9337,11.0731 96.9055,11.0614 96.8784,11.0473 96.8526,11.0309 96.8284,11.0123 96.8059,10.9917 96.7853,10.9692 96.7667,10.9450 96.7503,10.9192 96.7362,10.8921 96.7245,10.8639 96.7153,10.8348 96.7087,10.8050 96.7047,10.7747 96.7034,10.7442 96.7047,10.7137 96.7087,10.6834 96.7153,10.6536 96.7245,10.6245 96.7362,10.5963 96.7503,10.5692 96.7667,10.5434 96.7853,10.5192 96.8059,10.4967 96.8284,10.4761 96.8526,10.4575 96.8784,10.4411 96.9055,10.4270 96.9337,10.4153 96.9628,10.4061 96.9926,10.3995 97.0229,10.3955 97.0534,10.3942 97.0839,10.3955 97.1142,10.3995 97.1440,10.4061 97.1731,10.4153 97.2013,10.4270 97.2284,10.4411 97.2542,10.4575 97.2784,10.4761 97.3009,10.4967 97.3215,10.5192 97.3401,10.5434 97.3565,10.5692 97.3706,10.5963 97.3823,10.6245 97.3915,10.6536 97.3981,10.6834 97.4021,10.7137 97.4034,10.7442;
  BEGIN_ASSOC
    ADD N5 :F1.000000 :R0 :T12345 'net=P1' 0.00, 0.00;
  END_ASSOC
ADD P5 :W0.000000  98.5464,10.7442 98.5451,10.7747 98.5411,10.8050 98.5345,10.8348 98.5253,10.8639 98.5136,10.8921 98.4995,10.9192 98.4831,10.9450 98.4645,10.9692 98.4439,10.9917 98.4214,11.0123 98.3972,11.0309 98.3714,11.0473 98.3443,11.0614 98.3161,11.0731 98.2870,11.0823 98.2572,11.0889 98.2269,11.0929 98.1964,11.0942 98.1659,11.0929 98.1356,11.0889 98.1058,11.0823 98.0767,11.0731 98.0485,11.0614 98.0214,11.0473 97.9956,11.0309 97.9714,11.0123 97.9489,10.9917 97.9283,10.9692 97.9097,10.9450 97.8933,10.9192 97.8792,10.8921 97.8675,10.8639 97.8583,10.8348 97.8517,10.8050 97.8477,10.7747 97.8464,10.7442 97.8477,10.7137 97.8517,10.6834 97.8583,10.6536 97.8675,10.6245 97.8792,10.5963 97.8933,10.5692 97.9097,10.5434 97.9283,10.5192 97.9489,10.4967 97.9714,10.4761 97.9956,10.4575 98.0214,10.4411 98.0485,10.4270 98.0767,10.4153 98.1058,10.4061 98.1356,10.3995 98.1659,10.3955 98.1964,10.3942 98.2269,10.3955 98.2572,10.3995 98.2870,10.4061 98.3161,10.4153 98.3443,10.4270 98.3714,10.4411 98.3972,10.4575 98.4214,10.4761 98.4439,10.4967 98.4645,10.5192 98.4831,10.5434 98.4995,10.5692 98.5136,10.5963 98.5253,10.6245 98.5345,10.6536 98.5411,10.6834 98.5451,10.7137 98.5464,10.7442;
  BEGIN_ASSOC
    ADD N5 :F1.000000 :R0 :T12345 'net=P1' 0.00, 0.00;
  END_ASSOC
ADD P5 :W0.000000  99.6894,10.7442 99.6881,10.7747 99.6841,10.8050 99.6775,10.8348 99.6683,10.8639 99.6566,10.8921 99.6425,10.9192 99.6261,10.9450 99.6075,10.9692 99.5869,10.9917 99.5644,11.0123 99.5402,11.0309 99.5144,11.0473 99.4873,11.0614 99.4591,11.0731 99.4300,11.0823 99.4002,11.0889 99.3699,11.0929 99.3394,11.0942 99.3089,11.0929 99.2786,11.0889 99.2488,11.0823 99.2197,11.0731 99.1915,11.0614 99.1644,11.0473 99.1386,11.0309 99.1144,11.0123 99.0919,10.9917 99.0713,10.9692 99.0527,10.9450 99.0363,10.9192 99.0222,10.8921 99.0105,10.8639 99.0013,10.8348 98.9947,10.8050 98.9907,10.7747 98.9894,10.7442 98.9907,10.7137 98.9947,10.6834 99.0013,10.6536 99.0105,10.6245 99.0222,10.5963 99.0363,10.5692 99.0527,10.5434 99.0713,10.5192 99.0919,10.4967 99.1144,10.4761 99.1386,10.4575 99.1644,10.4411 99.1915,10.4270 99.2197,10.4153 99.2488,10.4061 99.2786,10.3995 99.3089,10.3955 99.3394,10.3942 99.3699,10.3955 99.4002,10.3995 99.4300,10.4061 99.4591,10.4153 99.4873,10.4270 99.5144,10.4411 99.5402,10.4575 99.5644,10.4761 99.5869,10.4967 99.6075,10.5192 99.6261,10.5434 99.6425,10.5692 99.6566,10.5963 99.6683,10.6245 99.6775,10.6536 99.6841,10.6834 99.6881,10.7137 99.6894,10.7442;
  BEGIN_ASSOC
    ADD N5 :F1.000000 :R0 :T12345 'net=P1' 0.00, 0.00;
  END_ASSOC
ADD P5 :W0.000000  93.6937,27.9400 93.6924,27.9704 93.6884,28.0006 93.6818,28.0303 93.6727,28.0593 93.6610,28.0874 93.6470,28.1144 93.6306,28.1400 93.6121,28.1641 93.5916,28.1866 93.5691,28.2071 93.5450,28.2256 93.5194,28.2420 93.4924,28.2560 93.4643,28.2677 93.4353,28.2768 93.4056,28.2834 93.3754,28.2874 93.3450,28.2887 93.3146,28.2874 93.2844,28.2834 93.2547,28.2768 93.2257,28.2677 93.1976,28.2560 93.1707,28.2420 93.1450,28.2256 93.1209,28.2071 93.0984,28.1866 93.0779,28.1641 93.0594,28.1400 93.0430,28.1144 93.0290,28.0874 93.0173,28.0593 93.0082,28.0303 93.0016,28.0006 92.9976,27.9704 92.9963,27.9400 92.9976,27.9096 93.0016,27.8794 93.0082,27.8497 93.0173,27.8207 93.0290,27.7926 93.0430,27.7657 93.0594,27.7400 93.0779,27.7159 93.0984,27.6934 93.1209,27.6729 93.1450,27.6544 93.1707,27.6380 93.1976,27.6240 93.2257,27.6123 93.2547,27.6032 93.2844,27.5966 93.3146,27.5926 93.3450,27.5913 93.3754,27.5926 93.4056,27.5966 93.4353,27.6032 93.4643,27.6123 93.4924,27.6240 93.5194,27.6380 93.5450,27.6544 93.5691,27.6729 93.5916,27.6934 93.6121,27.7159 93.6306,27.7400 93.6470,27.7657 93.6610,27.7926 93.6727,27.8207 93.6818,27.8497 93.6884,27.8794 93.6924,27.9096 93.6937,27.9400;
  BEGIN_ASSOC
    ADD N5 :F1.000000 :R0 :T12345 'net=P1' 0.00, 0.00;
  END_ASSOC
ADD P5 :W0.000000  92.6777,27.9400 92.6764,27.9704 92.6724,28.0006 92.6658,28.0303 92.6567,28.0593 92.6450,28.0874 92.6310,28.1144 92.6146,28.1400 92.5961,28.1641 92.5756,28.1866 92.5531,28.2071 92.5290,28.2256 92.5033,28.2420 92.4764,28.2560 92.4483,28.2677 92.4193,28.2768 92.3896,28.2834 92.3594,28.2874 92.3290,28.2887 92.2986,28.2874 92.2684,28.2834 92.2387,28.2768 92.2097,28.2677 92.1816,28.2560 92.1547,28.2420 92.1290,28.2256 92.1049,28.2071 92.0824,28.1866 92.0619,28.1641 92.0434,28.1400 92.0270,28.1144 92.0130,28.0874 92.0013,28.0593 91.9922,28.0303 91.9856,28.0006 91.9816,27.9704 91.9803,27.9400 91.9816,27.9096 91.9856,27.8794 91.9922,27.8497 92.0013,27.8207 92.0130,27.7926 92.0270,27.7657 92.0434,27.7400 92.0619,27.7159 92.0824,27.6934 92.1049,27.6729 92.1290,27.6544 92.1547,27.6380 92.1816,27.6240 92.2097,27.6123 92.2387,27.6032 92.2684,27.5966 92.2986,27.5926 92.3290,27.5913 92.3594,27.5926 92.3896,27.5966 92.4193,27.6032 92.4483,27.6123 92.4764,27.6240 92.5033,27.6380 92.5290,27.6544 92.5531,27.6729 92.5756,27.6934 92.5961,27.7159 92.6146,27.7400 92.6310,27.7657 92.6450,27.7926 92.6567,27.8207 92.6658,27.8497 92.6724,27.8794 92.6764,27.9096 92.6777,27.9400;
  BEGIN_ASSOC
    ADD N5 :F1.000000 :R0 :T12345 'net=P1' 0.00, 0.00;
  END_ASSOC
ADD P5 :W0.000000  92.6790,28.9560 92.6777,28.9865 92.6737,29.0168 92.6671,29.0466 92.6579,29.0757 92.6462,29.1039 92.6321,29.1310 92.6157,29.1568 92.5971,29.1810 92.5765,29.2035 92.5540,29.2241 92.5298,29.2427 92.5040,29.2591 92.4769,29.2732 92.4487,29.2849 92.4196,29.2941 92.3898,29.3007 92.3595,29.3047 92.3290,29.3060 92.2985,29.3047 92.2682,29.3007 92.2384,29.2941 92.2093,29.2849 92.1811,29.2732 92.1540,29.2591 92.1282,29.2427 92.1040,29.2241 92.0815,29.2035 92.0609,29.1810 92.0423,29.1568 92.0259,29.1310 92.0118,29.1039 92.0001,29.0757 91.9909,29.0466 91.9843,29.0168 91.9803,28.9865 91.9790,28.9560 91.9803,28.9255 91.9843,28.8952 91.9909,28.8654 92.0001,28.8363 92.0118,28.8081 92.0259,28.7810 92.0423,28.7552 92.0609,28.7310 92.0815,28.7085 92.1040,28.6879 92.1282,28.6693 92.1540,28.6529 92.1811,28.6388 92.2093,28.6271 92.2384,28.6179 92.2682,28.6113 92.2985,28.6073 92.3290,28.6060 92.3595,28.6073 92.3898,28.6113 92.4196,28.6179 92.4487,28.6271 92.4769,28.6388 92.5040,28.6529 92.5298,28.6693 92.5540,28.6879 92.5765,28.7085 92.5971,28.7310 92.6157,28.7552 92.6321,28.7810 92.6462,28.8081 92.6579,28.8363 92.6671,28.8654 92.6737,28.8952 92.6777,28.9255 92.6790,28.9560;
  BEGIN_ASSOC
    ADD N5 :F1.000000 :R0 :T12345 'net=P1' 0.00, 0.00;
  END_ASSOC
ADD P5 :W0.000000  93.6950,29.0830 93.6937,29.1135 93.6897,29.1438 93.6831,29.1736 93.6739,29.2027 93.6622,29.2309 93.6481,29.2580 93.6317,29.2838 93.6131,29.3080 93.5925,29.3305 93.5700,29.3511 93.5458,29.3697 93.5200,29.3861 93.4929,29.4002 93.4647,29.4119 93.4356,29.4211 93.4058,29.4277 93.3755,29.4317 93.3450,29.4330 93.3145,29.4317 93.2842,29.4277 93.2544,29.4211 93.2253,29.4119 93.1971,29.4002 93.1700,29.3861 93.1442,29.3697 93.1200,29.3511 93.0975,29.3305 93.0769,29.3080 93.0583,29.2838 93.0419,29.2580 93.0278,29.2309 93.0161,29.2027 93.0069,29.1736 93.0003,29.1438 92.9963,29.1135 92.9950,29.0830 92.9963,29.0525 93.0003,29.0222 93.0069,28.9924 93.0161,28.9633 93.0278,28.9351 93.0419,28.9080 93.0583,28.8822 93.0769,28.8580 93.0975,28.8355 93.1200,28.8149 93.1442,28.7963 93.1700,28.7799 93.1971,28.7658 93.2253,28.7541 93.2544,28.7449 93.2842,28.7383 93.3145,28.7343 93.3450,28.7330 93.3755,28.7343 93.4058,28.7383 93.4356,28.7449 93.4647,28.7541 93.4929,28.7658 93.5200,28.7799 93.5458,28.7963 93.5700,28.8149 93.5925,28.8355 93.6131,28.8580 93.6317,28.8822 93.6481,28.9080 93.6622,28.9351 93.6739,28.9633 93.6831,28.9924 93.6897,29.0222 93.6937,29.0525 93.6950,29.0830;
  BEGIN_ASSOC
    ADD N5 :F1.000000 :R0 :T12345 'net=P1' 0.00, 0.00;
  END_ASSOC
ADD P5 :W0.000000  92.6777,29.9720 92.6764,30.0024 92.6724,30.0326 92.6658,30.0623 92.6567,30.0913 92.6450,30.1194 92.6310,30.1464 92.6146,30.1720 92.5961,30.1961 92.5756,30.2186 92.5531,30.2391 92.5290,30.2576 92.5033,30.2740 92.4764,30.2880 92.4483,30.2997 92.4193,30.3088 92.3896,30.3154 92.3594,30.3194 92.3290,30.3207 92.2986,30.3194 92.2684,30.3154 92.2387,30.3088 92.2097,30.2997 92.1816,30.2880 92.1547,30.2740 92.1290,30.2576 92.1049,30.2391 92.0824,30.2186 92.0619,30.1961 92.0434,30.1720 92.0270,30.1464 92.0130,30.1194 92.0013,30.0913 91.9922,30.0623 91.9856,30.0326 91.9816,30.0024 91.9803,29.9720 91.9816,29.9416 91.9856,29.9114 91.9922,29.8817 92.0013,29.8527 92.0130,29.8246 92.0270,29.7977 92.0434,29.7720 92.0619,29.7479 92.0824,29.7254 92.1049,29.7049 92.1290,29.6864 92.1547,29.6700 92.1816,29.6560 92.2097,29.6443 92.2387,29.6352 92.2684,29.6286 92.2986,29.6246 92.3290,29.6233 92.3594,29.6246 92.3896,29.6286 92.4193,29.6352 92.4483,29.6443 92.4764,29.6560 92.5033,29.6700 92.5290,29.6864 92.5531,29.7049 92.5756,29.7254 92.5961,29.7479 92.6146,29.7720 92.6310,29.7977 92.6450,29.8246 92.6567,29.8527 92.6658,29.8817 92.6724,29.9114 92.6764,29.9416 92.6777,29.9720;
  BEGIN_ASSOC
    ADD N5 :F1.000000 :R0 :T12345 'net=P1' 0.00, 0.00;
  END_ASSOC
ADD P5 :W0.000000  93.6950,30.2260 93.6937,30.2565 93.6897,30.2868 93.6831,30.3166 93.6739,30.3457 93.6622,30.3739 93.6481,30.4010 93.6317,30.4268 93.6131,30.4510 93.5925,30.4735 93.5700,30.4941 93.5458,30.5127 93.5200,30.5291 93.4929,30.5432 93.4647,30.5549 93.4356,30.5641 93.4058,30.5707 93.3755,30.5747 93.3450,30.5760 93.3145,30.5747 93.2842,30.5707 93.2544,30.5641 93.2253,30.5549 93.1971,30.5432 93.1700,30.5291 93.1442,30.5127 93.1200,30.4941 93.0975,30.4735 93.0769,30.4510 93.0583,30.4268 93.0419,30.4010 93.0278,30.3739 93.0161,30.3457 93.0069,30.3166 93.0003,30.2868 92.9963,30.2565 92.9950,30.2260 92.9963,30.1955 93.0003,30.1652 93.0069,30.1354 93.0161,30.1063 93.0278,30.0781 93.0419,30.0510 93.0583,30.0252 93.0769,30.0010 93.0975,29.9785 93.1200,29.9579 93.1442,29.9393 93.1700,29.9229 93.1971,29.9088 93.2253,29.8971 93.2544,29.8879 93.2842,29.8813 93.3145,29.8773 93.3450,29.8760 93.3755,29.8773 93.4058,29.8813 93.4356,29.8879 93.4647,29.8971 93.4929,29.9088 93.5200,29.9229 93.5458,29.9393 93.5700,29.9579 93.5925,29.9785 93.6131,30.0010 93.6317,30.0252 93.6481,30.0510 93.6622,30.0781 93.6739,30.1063 93.6831,30.1354 93.6897,30.1652 93.6937,30.1955 93.6950,30.2260;
  BEGIN_ASSOC
    ADD N5 :F1.000000 :R0 :T12345 'net=P1' 0.00, 0.00;
  END_ASSOC
ADD P5 :W0.000000  93.6937,31.3690 93.6924,31.3994 93.6884,31.4296 93.6818,31.4593 93.6727,31.4883 93.6610,31.5164 93.6470,31.5434 93.6306,31.5690 93.6121,31.5931 93.5916,31.6156 93.5691,31.6361 93.5450,31.6546 93.5194,31.6710 93.4924,31.6850 93.4643,31.6967 93.4353,31.7058 93.4056,31.7124 93.3754,31.7164 93.3450,31.7177 93.3146,31.7164 93.2844,31.7124 93.2547,31.7058 93.2257,31.6967 93.1976,31.6850 93.1707,31.6710 93.1450,31.6546 93.1209,31.6361 93.0984,31.6156 93.0779,31.5931 93.0594,31.5690 93.0430,31.5434 93.0290,31.5164 93.0173,31.4883 93.0082,31.4593 93.0016,31.4296 92.9976,31.3994 92.9963,31.3690 92.9976,31.3386 93.0016,31.3084 93.0082,31.2787 93.0173,31.2497 93.0290,31.2216 93.0430,31.1947 93.0594,31.1690 93.0779,31.1449 93.0984,31.1224 93.1209,31.1019 93.1450,31.0834 93.1707,31.0670 93.1976,31.0530 93.2257,31.0413 93.2547,31.0322 93.2844,31.0256 93.3146,31.0216 93.3450,31.0203 93.3754,31.0216 93.4056,31.0256 93.4353,31.0322 93.4643,31.0413 93.4924,31.0530 93.5194,31.0670 93.5450,31.0834 93.5691,31.1019 93.5916,31.1224 93.6121,31.1449 93.6306,31.1690 93.6470,31.1947 93.6610,31.2216 93.6727,31.2497 93.6818,31.2787 93.6884,31.3084 93.6924,31.3386 93.6937,31.3690;
  BEGIN_ASSOC
    ADD N5 :F1.000000 :R0 :T12345 'net=P1' 0.00, 0.00;
  END_ASSOC
ADD P5 :W0.000000  92.6777,31.1150 92.6764,31.1454 92.6724,31.1756 92.6658,31.2053 92.6567,31.2343 92.6450,31.2624 92.6310,31.2894 92.6146,31.3150 92.5961,31.3391 92.5756,31.3616 92.5531,31.3821 92.5290,31.4006 92.5033,31.4170 92.4764,31.4310 92.4483,31.4427 92.4193,31.4518 92.3896,31.4584 92.3594,31.4624 92.3290,31.4637 92.2986,31.4624 92.2684,31.4584 92.2387,31.4518 92.2097,31.4427 92.1816,31.4310 92.1547,31.4170 92.1290,31.4006 92.1049,31.3821 92.0824,31.3616 92.0619,31.3391 92.0434,31.3150 92.0270,31.2894 92.0130,31.2624 92.0013,31.2343 91.9922,31.2053 91.9856,31.1756 91.9816,31.1454 91.9803,31.1150 91.9816,31.0846 91.9856,31.0544 91.9922,31.0247 92.0013,30.9957 92.0130,30.9676 92.0270,30.9407 92.0434,30.9150 92.0619,30.8909 92.0824,30.8684 92.1049,30.8479 92.1290,30.8294 92.1547,30.8130 92.1816,30.7990 92.2097,30.7873 92.2387,30.7782 92.2684,30.7716 92.2986,30.7676 92.3290,30.7663 92.3594,30.7676 92.3896,30.7716 92.4193,30.7782 92.4483,30.7873 92.4764,30.7990 92.5033,30.8130 92.5290,30.8294 92.5531,30.8479 92.5756,30.8684 92.5961,30.8909 92.6146,30.9150 92.6310,30.9407 92.6450,30.9676 92.6567,30.9957 92.6658,31.0247 92.6724,31.0544 92.6764,31.0846 92.6777,31.1150;
  BEGIN_ASSOC
    ADD N5 :F1.000000 :R0 :T12345 'net=P1' 0.00, 0.00;
  END_ASSOC
ADD P5 :W0.000000  92.6790,32.2580 92.6777,32.2885 92.6737,32.3188 92.6671,32.3486 92.6579,32.3777 92.6462,32.4059 92.6321,32.4330 92.6157,32.4588 92.5971,32.4830 92.5765,32.5055 92.5540,32.5261 92.5298,32.5447 92.5040,32.5611 92.4769,32.5752 92.4487,32.5869 92.4196,32.5961 92.3898,32.6027 92.3595,32.6067 92.3290,32.6080 92.2985,32.6067 92.2682,32.6027 92.2384,32.5961 92.2093,32.5869 92.1811,32.5752 92.1540,32.5611 92.1282,32.5447 92.1040,32.5261 92.0815,32.5055 92.0609,32.4830 92.0423,32.4588 92.0259,32.4330 92.0118,32.4059 92.0001,32.3777 91.9909,32.3486 91.9843,32.3188 91.9803,32.2885 91.9790,32.2580 91.9803,32.2275 91.9843,32.1972 91.9909,32.1674 92.0001,32.1383 92.0118,32.1101 92.0259,32.0830 92.0423,32.0572 92.0609,32.0330 92.0815,32.0105 92.1040,31.9899 92.1282,31.9713 92.1540,31.9549 92.1811,31.9408 92.2093,31.9291 92.2384,31.9199 92.2682,31.9133 92.2985,31.9093 92.3290,31.9080 92.3595,31.9093 92.3898,31.9133 92.4196,31.9199 92.4487,31.9291 92.4769,31.9408 92.5040,31.9549 92.5298,31.9713 92.5540,31.9899 92.5765,32.0105 92.5971,32.0330 92.6157,32.0572 92.6321,32.0830 92.6462,32.1101 92.6579,32.1383 92.6671,32.1674 92.6737,32.1972 92.6777,32.2275 92.6790,32.2580;
  BEGIN_ASSOC
    ADD N5 :F1.000000 :R0 :T12345 'net=P1' 0.00, 0.00;
  END_ASSOC
ADD P5 :W0.000000  93.6950,32.5120 93.6937,32.5425 93.6897,32.5728 93.6831,32.6026 93.6739,32.6317 93.6622,32.6599 93.6481,32.6870 93.6317,32.7128 93.6131,32.7370 93.5925,32.7595 93.5700,32.7801 93.5458,32.7987 93.5200,32.8151 93.4929,32.8292 93.4647,32.8409 93.4356,32.8501 93.4058,32.8567 93.3755,32.8607 93.3450,32.8620 93.3145,32.8607 93.2842,32.8567 93.2544,32.8501 93.2253,32.8409 93.1971,32.8292 93.1700,32.8151 93.1442,32.7987 93.1200,32.7801 93.0975,32.7595 93.0769,32.7370 93.0583,32.7128 93.0419,32.6870 93.0278,32.6599 93.0161,32.6317 93.0069,32.6026 93.0003,32.5728 92.9963,32.5425 92.9950,32.5120 92.9963,32.4815 93.0003,32.4512 93.0069,32.4214 93.0161,32.3923 93.0278,32.3641 93.0419,32.3370 93.0583,32.3112 93.0769,32.2870 93.0975,32.2645 93.1200,32.2439 93.1442,32.2253 93.1700,32.2089 93.1971,32.1948 93.2253,32.1831 93.2544,32.1739 93.2842,32.1673 93.3145,32.1633 93.3450,32.1620 93.3755,32.1633 93.4058,32.1673 93.4356,32.1739 93.4647,32.1831 93.4929,32.1948 93.5200,32.2089 93.5458,32.2253 93.5700,32.2439 93.5925,32.2645 93.6131,32.2870 93.6317,32.3112 93.6481,32.3370 93.6622,32.3641 93.6739,32.3923 93.6831,32.4214 93.6897,32.4512 93.6937,32.4815 93.6950,32.5120;
  BEGIN_ASSOC
    ADD N5 :F1.000000 :R0 :T12345 'net=P1' 0.00, 0.00;
  END_ASSOC
ADD P5 :W0.000000  94.8367,32.5120 94.8354,32.5424 94.8314,32.5726 94.8248,32.6023 94.8157,32.6313 94.8040,32.6594 94.7900,32.6864 94.7736,32.7120 94.7551,32.7361 94.7346,32.7586 94.7121,32.7791 94.6880,32.7976 94.6624,32.8140 94.6354,32.8280 94.6073,32.8397 94.5783,32.8488 94.5486,32.8554 94.5184,32.8594 94.4880,32.8607 94.4576,32.8594 94.4274,32.8554 94.3977,32.8488 94.3687,32.8397 94.3406,32.8280 94.3137,32.8140 94.2880,32.7976 94.2639,32.7791 94.2414,32.7586 94.2209,32.7361 94.2024,32.7120 94.1860,32.6864 94.1720,32.6594 94.1603,32.6313 94.1512,32.6023 94.1446,32.5726 94.1406,32.5424 94.1393,32.5120 94.1406,32.4816 94.1446,32.4514 94.1512,32.4217 94.1603,32.3927 94.1720,32.3646 94.1860,32.3377 94.2024,32.3120 94.2209,32.2879 94.2414,32.2654 94.2639,32.2449 94.2880,32.2264 94.3137,32.2100 94.3406,32.1960 94.3687,32.1843 94.3977,32.1752 94.4274,32.1686 94.4576,32.1646 94.4880,32.1633 94.5184,32.1646 94.5486,32.1686 94.5783,32.1752 94.6073,32.1843 94.6354,32.1960 94.6624,32.2100 94.6880,32.2264 94.7121,32.2449 94.7346,32.2654 94.7551,32.2879 94.7736,32.3120 94.7900,32.3377 94.8040,32.3646 94.8157,32.3927 94.8248,32.4217 94.8314,32.4514 94.8354,32.4816 94.8367,32.5120;
  BEGIN_ASSOC
    ADD N5 :F1.000000 :R0 :T12345 'net=P1' 0.00, 0.00;
  END_ASSOC
ADD P5 :W0.000000  95.9810,32.5120 95.9797,32.5425 95.9757,32.5728 95.9691,32.6026 95.9599,32.6317 95.9482,32.6599 95.9341,32.6870 95.9177,32.7128 95.8991,32.7370 95.8785,32.7595 95.8560,32.7801 95.8318,32.7987 95.8060,32.8151 95.7789,32.8292 95.7507,32.8409 95.7216,32.8501 95.6918,32.8567 95.6615,32.8607 95.6310,32.8620 95.6005,32.8607 95.5702,32.8567 95.5404,32.8501 95.5113,32.8409 95.4831,32.8292 95.4560,32.8151 95.4302,32.7987 95.4060,32.7801 95.3835,32.7595 95.3629,32.7370 95.3443,32.7128 95.3279,32.6870 95.3138,32.6599 95.3021,32.6317 95.2929,32.6026 95.2863,32.5728 95.2823,32.5425 95.2810,32.5120 95.2823,32.4815 95.2863,32.4512 95.2929,32.4214 95.3021,32.3923 95.3138,32.3641 95.3279,32.3370 95.3443,32.3112 95.3629,32.2870 95.3835,32.2645 95.4060,32.2439 95.4302,32.2253 95.4560,32.2089 95.4831,32.1948 95.5113,32.1831 95.5404,32.1739 95.5702,32.1673 95.6005,32.1633 95.6310,32.1620 95.6615,32.1633 95.6918,32.1673 95.7216,32.1739 95.7507,32.1831 95.7789,32.1948 95.8060,32.2089 95.8318,32.2253 95.8560,32.2439 95.8785,32.2645 95.8991,32.2870 95.9177,32.3112 95.9341,32.3370 95.9482,32.3641 95.9599,32.3923 95.9691,32.4214 95.9757,32.4512 95.9797,32.4815 95.9810,32.5120;
  BEGIN_ASSOC
    ADD N5 :F1.000000 :R0 :T12345 'net=P1' 0.00, 0.00;
  END_ASSOC
ADD P5 :W0.000000  97.1227,32.5120 97.1214,32.5424 97.1174,32.5726 97.1108,32.6023 97.1017,32.6313 97.0900,32.6594 97.0760,32.6864 97.0596,32.7120 97.0411,32.7361 97.0206,32.7586 96.9981,32.7791 96.9740,32.7976 96.9484,32.8140 96.9214,32.8280 96.8933,32.8397 96.8643,32.8488 96.8346,32.8554 96.8044,32.8594 96.7740,32.8607 96.7436,32.8594 96.7134,32.8554 96.6837,32.8488 96.6547,32.8397 96.6266,32.8280 96.5997,32.8140 96.5740,32.7976 96.5499,32.7791 96.5274,32.7586 96.5069,32.7361 96.4884,32.7120 96.4720,32.6864 96.4580,32.6594 96.4463,32.6313 96.4372,32.6023 96.4306,32.5726 96.4266,32.5424 96.4253,32.5120 96.4266,32.4816 96.4306,32.4514 96.4372,32.4217 96.4463,32.3927 96.4580,32.3646 96.4720,32.3377 96.4884,32.3120 96.5069,32.2879 96.5274,32.2654 96.5499,32.2449 96.5740,32.2264 96.5997,32.2100 96.6266,32.1960 96.6547,32.1843 96.6837,32.1752 96.7134,32.1686 96.7436,32.1646 96.7740,32.1633 96.8044,32.1646 96.8346,32.1686 96.8643,32.1752 96.8933,32.1843 96.9214,32.1960 96.9484,32.2100 96.9740,32.2264 96.9981,32.2449 97.0206,32.2654 97.0411,32.2879 97.0596,32.3120 97.0760,32.3377 97.0900,32.3646 97.1017,32.3927 97.1108,32.4217 97.1174,32.4514 97.1214,32.4816 97.1227,32.5120;
  BEGIN_ASSOC
    ADD N5 :F1.000000 :R0 :T12345 'net=P1' 0.00, 0.00;
  END_ASSOC
ADD P5 :W0.000000  98.2657,32.5120 98.2644,32.5424 98.2604,32.5726 98.2538,32.6023 98.2447,32.6313 98.2330,32.6594 98.2190,32.6864 98.2026,32.7120 98.1841,32.7361 98.1636,32.7586 98.1411,32.7791 98.1170,32.7976 98.0914,32.8140 98.0644,32.8280 98.0363,32.8397 98.0073,32.8488 97.9776,32.8554 97.9474,32.8594 97.9170,32.8607 97.8866,32.8594 97.8564,32.8554 97.8267,32.8488 97.7977,32.8397 97.7696,32.8280 97.7426,32.8140 97.7170,32.7976 97.6929,32.7791 97.6704,32.7586 97.6499,32.7361 97.6314,32.7120 97.6150,32.6864 97.6010,32.6594 97.5893,32.6313 97.5802,32.6023 97.5736,32.5726 97.5696,32.5424 97.5683,32.5120 97.5696,32.4816 97.5736,32.4514 97.5802,32.4217 97.5893,32.3927 97.6010,32.3646 97.6150,32.3377 97.6314,32.3120 97.6499,32.2879 97.6704,32.2654 97.6929,32.2449 97.7170,32.2264 97.7426,32.2100 97.7696,32.1960 97.7977,32.1843 97.8267,32.1752 97.8564,32.1686 97.8866,32.1646 97.9170,32.1633 97.9474,32.1646 97.9776,32.1686 98.0073,32.1752 98.0363,32.1843 98.0644,32.1960 98.0914,32.2100 98.1170,32.2264 98.1411,32.2449 98.1636,32.2654 98.1841,32.2879 98.2026,32.3120 98.2190,32.3377 98.2330,32.3646 98.2447,32.3927 98.2538,32.4217 98.2604,32.4514 98.2644,32.4816 98.2657,32.5120;
  BEGIN_ASSOC
    ADD N5 :F1.000000 :R0 :T12345 'net=P1' 0.00, 0.00;
  END_ASSOC
ADD P5 :W0.000000  99.4087,32.5120 99.4074,32.5424 99.4034,32.5726 99.3968,32.6023 99.3877,32.6313 99.3760,32.6594 99.3620,32.6864 99.3456,32.7120 99.3271,32.7361 99.3066,32.7586 99.2841,32.7791 99.2600,32.7976 99.2344,32.8140 99.2074,32.8280 99.1793,32.8397 99.1503,32.8488 99.1206,32.8554 99.0904,32.8594 99.0600,32.8607 99.0296,32.8594 98.9994,32.8554 98.9697,32.8488 98.9407,32.8397 98.9126,32.8280 98.8856,32.8140 98.8600,32.7976 98.8359,32.7791 98.8134,32.7586 98.7929,32.7361 98.7744,32.7120 98.7580,32.6864 98.7440,32.6594 98.7323,32.6313 98.7232,32.6023 98.7166,32.5726 98.7126,32.5424 98.7113,32.5120 98.7126,32.4816 98.7166,32.4514 98.7232,32.4217 98.7323,32.3927 98.7440,32.3646 98.7580,32.3377 98.7744,32.3120 98.7929,32.2879 98.8134,32.2654 98.8359,32.2449 98.8600,32.2264 98.8856,32.2100 98.9126,32.1960 98.9407,32.1843 98.9697,32.1752 98.9994,32.1686 99.0296,32.1646 99.0600,32.1633 99.0904,32.1646 99.1206,32.1686 99.1503,32.1752 99.1793,32.1843 99.2074,32.1960 99.2344,32.2100 99.2600,32.2264 99.2841,32.2449 99.3066,32.2654 99.3271,32.2879 99.3456,32.3120 99.3620,32.3377 99.3760,32.3646 99.3877,32.3927 99.3968,32.4217 99.4034,32.4514 99.4074,32.4816 99.4087,32.5120;
  BEGIN_ASSOC
    ADD N5 :F1.000000 :R0 :T12345 'net=P1' 0.00, 0.00;
  END_ASSOC
ADD P5 :W0.000000  92.6777,33.4010 92.6764,33.4314 92.6724,33.4616 92.6658,33.4913 92.6567,33.5203 92.6450,33.5484 92.6310,33.5754 92.6146,33.6010 92.5961,33.6251 92.5756,33.6476 92.5531,33.6681 92.5290,33.6866 92.5033,33.7030 92.4764,33.7170 92.4483,33.7287 92.4193,33.7378 92.3896,33.7444 92.3594,33.7484 92.3290,33.7497 92.2986,33.7484 92.2684,33.7444 92.2387,33.7378 92.2097,33.7287 92.1816,33.7170 92.1547,33.7030 92.1290,33.6866 92.1049,33.6681 92.0824,33.6476 92.0619,33.6251 92.0434,33.6010 92.0270,33.5754 92.0130,33.5484 92.0013,33.5203 91.9922,33.4913 91.9856,33.4616 91.9816,33.4314 91.9803,33.4010 91.9816,33.3706 91.9856,33.3404 91.9922,33.3107 92.0013,33.2817 92.0130,33.2536 92.0270,33.2266 92.0434,33.2010 92.0619,33.1769 92.0824,33.1544 92.1049,33.1339 92.1290,33.1154 92.1547,33.0990 92.1816,33.0850 92.2097,33.0733 92.2387,33.0642 92.2684,33.0576 92.2986,33.0536 92.3290,33.0523 92.3594,33.0536 92.3896,33.0576 92.4193,33.0642 92.4483,33.0733 92.4764,33.0850 92.5033,33.0990 92.5290,33.1154 92.5531,33.1339 92.5756,33.1544 92.5961,33.1769 92.6146,33.2010 92.6310,33.2266 92.6450,33.2536 92.6567,33.2817 92.6658,33.3107 92.6724,33.3404 92.6764,33.3706 92.6777,33.4010;
  BEGIN_ASSOC
    ADD N5 :F1.000000 :R0 :T12345 'net=P1' 0.00, 0.00;
  END_ASSOC
ADD P5 :W0.000000  93.6950,33.6550 93.6937,33.6855 93.6897,33.7158 93.6831,33.7456 93.6739,33.7747 93.6622,33.8029 93.6481,33.8300 93.6317,33.8558 93.6131,33.8800 93.5925,33.9025 93.5700,33.9231 93.5458,33.9417 93.5200,33.9581 93.4929,33.9722 93.4647,33.9839 93.4356,33.9931 93.4058,33.9997 93.3755,34.0037 93.3450,34.0050 93.3145,34.0037 93.2842,33.9997 93.2544,33.9931 93.2253,33.9839 93.1971,33.9722 93.1700,33.9581 93.1442,33.9417 93.1200,33.9231 93.0975,33.9025 93.0769,33.8800 93.0583,33.8558 93.0419,33.8300 93.0278,33.8029 93.0161,33.7747 93.0069,33.7456 93.0003,33.7158 92.9963,33.6855 92.9950,33.6550 92.9963,33.6245 93.0003,33.5942 93.0069,33.5644 93.0161,33.5353 93.0278,33.5071 93.0419,33.4800 93.0583,33.4542 93.0769,33.4300 93.0975,33.4075 93.1200,33.3869 93.1442,33.3683 93.1700,33.3519 93.1971,33.3378 93.2253,33.3261 93.2544,33.3169 93.2842,33.3103 93.3145,33.3063 93.3450,33.3050 93.3755,33.3063 93.4058,33.3103 93.4356,33.3169 93.4647,33.3261 93.4929,33.3378 93.5200,33.3519 93.5458,33.3683 93.5700,33.3869 93.5925,33.4075 93.6131,33.4300 93.6317,33.4542 93.6481,33.4800 93.6622,33.5071 93.6739,33.5353 93.6831,33.5644 93.6897,33.5942 93.6937,33.6245 93.6950,33.6550;
  BEGIN_ASSOC
    ADD N5 :F1.000000 :R0 :T12345 'net=P1' 0.00, 0.00;
  END_ASSOC
ADD P5 :W0.000000  92.6777,34.5440 92.6764,34.5744 92.6724,34.6046 92.6658,34.6343 92.6567,34.6633 92.6450,34.6914 92.6310,34.7184 92.6146,34.7440 92.5961,34.7681 92.5756,34.7906 92.5531,34.8111 92.5290,34.8296 92.5033,34.8460 92.4764,34.8600 92.4483,34.8717 92.4193,34.8808 92.3896,34.8874 92.3594,34.8914 92.3290,34.8927 92.2986,34.8914 92.2684,34.8874 92.2387,34.8808 92.2097,34.8717 92.1816,34.8600 92.1547,34.8460 92.1290,34.8296 92.1049,34.8111 92.0824,34.7906 92.0619,34.7681 92.0434,34.7440 92.0270,34.7184 92.0130,34.6914 92.0013,34.6633 91.9922,34.6343 91.9856,34.6046 91.9816,34.5744 91.9803,34.5440 91.9816,34.5136 91.9856,34.4834 91.9922,34.4537 92.0013,34.4247 92.0130,34.3966 92.0270,34.3697 92.0434,34.3440 92.0619,34.3199 92.0824,34.2974 92.1049,34.2769 92.1290,34.2584 92.1547,34.2420 92.1816,34.2280 92.2097,34.2163 92.2387,34.2072 92.2684,34.2006 92.2986,34.1966 92.3290,34.1953 92.3594,34.1966 92.3896,34.2006 92.4193,34.2072 92.4483,34.2163 92.4764,34.2280 92.5033,34.2420 92.5290,34.2584 92.5531,34.2769 92.5756,34.2974 92.5961,34.3199 92.6146,34.3440 92.6310,34.3697 92.6450,34.3966 92.6567,34.4247 92.6658,34.4537 92.6724,34.4834 92.6764,34.5136 92.6777,34.5440;
  BEGIN_ASSOC
    ADD N5 :F1.000000 :R0 :T12345 'net=P1' 0.00, 0.00;
  END_ASSOC
ADD P5 :W0.000000  93.6950,34.7980 93.6937,34.8285 93.6897,34.8588 93.6831,34.8886 93.6739,34.9177 93.6622,34.9459 93.6481,34.9730 93.6317,34.9988 93.6131,35.0230 93.5925,35.0455 93.5700,35.0661 93.5458,35.0847 93.5200,35.1011 93.4929,35.1152 93.4647,35.1269 93.4356,35.1361 93.4058,35.1427 93.3755,35.1467 93.3450,35.1480 93.3145,35.1467 93.2842,35.1427 93.2544,35.1361 93.2253,35.1269 93.1971,35.1152 93.1700,35.1011 93.1442,35.0847 93.1200,35.0661 93.0975,35.0455 93.0769,35.0230 93.0583,34.9988 93.0419,34.9730 93.0278,34.9459 93.0161,34.9177 93.0069,34.8886 93.0003,34.8588 92.9963,34.8285 92.9950,34.7980 92.9963,34.7675 93.0003,34.7372 93.0069,34.7074 93.0161,34.6783 93.0278,34.6501 93.0419,34.6230 93.0583,34.5972 93.0769,34.5730 93.0975,34.5505 93.1200,34.5299 93.1442,34.5113 93.1700,34.4949 93.1971,34.4808 93.2253,34.4691 93.2544,34.4599 93.2842,34.4533 93.3145,34.4493 93.3450,34.4480 93.3755,34.4493 93.4058,34.4533 93.4356,34.4599 93.4647,34.4691 93.4929,34.4808 93.5200,34.4949 93.5458,34.5113 93.5700,34.5299 93.5925,34.5505 93.6131,34.5730 93.6317,34.5972 93.6481,34.6230 93.6622,34.6501 93.6739,34.6783 93.6831,34.7074 93.6897,34.7372 93.6937,34.7675 93.6950,34.7980;
  BEGIN_ASSOC
    ADD N5 :F1.000000 :R0 :T12345 'net=P1' 0.00, 0.00;
  END_ASSOC
ADD P5 :W0.000000  93.6937,35.9410 93.6924,35.9714 93.6884,36.0016 93.6818,36.0313 93.6727,36.0603 93.6610,36.0884 93.6470,36.1153 93.6306,36.1410 93.6121,36.1651 93.5916,36.1876 93.5691,36.2081 93.5450,36.2266 93.5194,36.2430 93.4924,36.2570 93.4643,36.2687 93.4353,36.2778 93.4056,36.2844 93.3754,36.2884 93.3450,36.2897 93.3146,36.2884 93.2844,36.2844 93.2547,36.2778 93.2257,36.2687 93.1976,36.2570 93.1707,36.2430 93.1450,36.2266 93.1209,36.2081 93.0984,36.1876 93.0779,36.1651 93.0594,36.1410 93.0430,36.1153 93.0290,36.0884 93.0173,36.0603 93.0082,36.0313 93.0016,36.0016 92.9976,35.9714 92.9963,35.9410 92.9976,35.9106 93.0016,35.8804 93.0082,35.8507 93.0173,35.8217 93.0290,35.7936 93.0430,35.7666 93.0594,35.7410 93.0779,35.7169 93.0984,35.6944 93.1209,35.6739 93.1450,35.6554 93.1707,35.6390 93.1976,35.6250 93.2257,35.6133 93.2547,35.6042 93.2844,35.5976 93.3146,35.5936 93.3450,35.5923 93.3754,35.5936 93.4056,35.5976 93.4353,35.6042 93.4643,35.6133 93.4924,35.6250 93.5194,35.6390 93.5450,35.6554 93.5691,35.6739 93.5916,35.6944 93.6121,35.7169 93.6306,35.7410 93.6470,35.7666 93.6610,35.7936 93.6727,35.8217 93.6818,35.8507 93.6884,35.8804 93.6924,35.9106 93.6937,35.9410;
  BEGIN_ASSOC
    ADD N5 :F1.000000 :R0 :T12345 'net=P1' 0.00, 0.00;
  END_ASSOC
ADD P5 :W0.000000  92.5520,35.6870 92.5507,35.7175 92.5467,35.7478 92.5401,35.7776 92.5309,35.8067 92.5192,35.8349 92.5051,35.8620 92.4887,35.8878 92.4701,35.9120 92.4495,35.9345 92.4270,35.9551 92.4028,35.9737 92.3770,35.9901 92.3499,36.0042 92.3217,36.0159 92.2926,36.0251 92.2628,36.0317 92.2325,36.0357 92.2020,36.0370 92.1715,36.0357 92.1412,36.0317 92.1114,36.0251 92.0823,36.0159 92.0541,36.0042 92.0270,35.9901 92.0012,35.9737 91.9770,35.9551 91.9545,35.9345 91.9339,35.9120 91.9153,35.8878 91.8989,35.8620 91.8848,35.8349 91.8731,35.8067 91.8639,35.7776 91.8573,35.7478 91.8533,35.7175 91.8520,35.6870 91.8533,35.6565 91.8573,35.6262 91.8639,35.5964 91.8731,35.5673 91.8848,35.5391 91.8989,35.5120 91.9153,35.4862 91.9339,35.4620 91.9545,35.4395 91.9770,35.4189 92.0012,35.4003 92.0270,35.3839 92.0541,35.3698 92.0823,35.3581 92.1114,35.3489 92.1412,35.3423 92.1715,35.3383 92.2020,35.3370 92.2325,35.3383 92.2628,35.3423 92.2926,35.3489 92.3217,35.3581 92.3499,35.3698 92.3770,35.3839 92.4028,35.4003 92.4270,35.4189 92.4495,35.4395 92.4701,35.4620 92.4887,35.4862 92.5051,35.5120 92.5192,35.5391 92.5309,35.5673 92.5401,35.5964 92.5467,35.6262 92.5507,35.6565 92.5520,35.6870;
  BEGIN_ASSOC
    ADD N5 :F1.000000 :R0 :T12345 'net=P1' 0.00, 0.00;
  END_ASSOC
ADD P5 :W0.000000  91.9117,36.7030 91.9104,36.7330 91.9065,36.7629 91.9000,36.7922 91.8909,36.8209 91.8794,36.8487 91.8655,36.8754 91.8494,36.9007 91.8311,36.9246 91.8107,36.9467 91.7886,36.9671 91.7647,36.9854 91.7394,37.0015 91.7127,37.0154 91.6849,37.0269 91.6562,37.0360 91.6269,37.0425 91.5970,37.0464 91.5670,37.0477 91.5370,37.0464 91.5071,37.0425 91.4778,37.0360 91.4491,37.0269 91.4213,37.0154 91.3946,37.0015 91.3693,36.9854 91.3454,36.9671 91.3233,36.9467 91.3029,36.9246 91.2846,36.9007 91.2685,36.8754 91.2546,36.8487 91.2431,36.8209 91.2340,36.7922 91.2275,36.7629 91.2236,36.7330 91.2223,36.7030 91.2236,36.6730 91.2275,36.6431 91.2340,36.6138 91.2431,36.5851 91.2546,36.5573 91.2685,36.5307 91.2846,36.5053 91.3029,36.4814 91.3233,36.4593 91.3454,36.4389 91.3693,36.4206 91.3946,36.4045 91.4213,36.3906 91.4491,36.3791 91.4778,36.3700 91.5071,36.3635 91.5370,36.3596 91.5670,36.3583 91.5970,36.3596 91.6269,36.3635 91.6562,36.3700 91.6849,36.3791 91.7127,36.3906 91.7394,36.4045 91.7647,36.4206 91.7886,36.4389 91.8107,36.4593 91.8311,36.4814 91.8494,36.5053 91.8655,36.5307 91.8794,36.5573 91.8909,36.5851 91.9000,36.6138 91.9065,36.6431 91.9104,36.6730 91.9117,36.7030;
  BEGIN_ASSOC
    ADD N5 :F1.000000 :R0 :T12345 'net=P1' 0.00, 0.00;
  END_ASSOC
ADD P5 :W0.000000  91.0267,37.3380 91.0254,37.3684 91.0214,37.3986 91.0148,37.4283 91.0057,37.4573 90.9940,37.4854 90.9800,37.5124 90.9636,37.5380 90.9451,37.5621 90.9246,37.5846 90.9021,37.6051 90.8780,37.6236 90.8524,37.6400 90.8254,37.6540 90.7973,37.6657 90.7683,37.6748 90.7386,37.6814 90.7084,37.6854 90.6780,37.6867 90.6476,37.6854 90.6174,37.6814 90.5877,37.6748 90.5587,37.6657 90.5306,37.6540 90.5037,37.6400 90.4780,37.6236 90.4539,37.6051 90.4314,37.5846 90.4109,37.5621 90.3924,37.5380 90.3760,37.5124 90.3620,37.4854 90.3503,37.4573 90.3412,37.4283 90.3346,37.3986 90.3306,37.3684 90.3293,37.3380 90.3306,37.3076 90.3346,37.2774 90.3412,37.2477 90.3503,37.2187 90.3620,37.1906 90.3760,37.1637 90.3924,37.1380 90.4109,37.1139 90.4314,37.0914 90.4539,37.0709 90.4780,37.0524 90.5037,37.0360 90.5306,37.0220 90.5587,37.0103 90.5877,37.0012 90.6174,36.9946 90.6476,36.9906 90.6780,36.9893 90.7084,36.9906 90.7386,36.9946 90.7683,37.0012 90.7973,37.0103 90.8254,37.0220 90.8524,37.0360 90.8780,37.0524 90.9021,37.0709 90.9246,37.0914 90.9451,37.1139 90.9636,37.1380 90.9800,37.1637 90.9940,37.1906 91.0057,37.2187 91.0148,37.2477 91.0214,37.2774 91.0254,37.3076 91.0267,37.3380;
  BEGIN_ASSOC
    ADD N5 :F1.000000 :R0 :T12345 'net=P1' 0.00, 0.00;
  END_ASSOC
ADD P5 :W0.000000  90.0120,37.5920 90.0107,37.6225 90.0067,37.6528 90.0001,37.6826 89.9909,37.7117 89.9792,37.7399 89.9651,37.7670 89.9487,37.7928 89.9301,37.8170 89.9095,37.8395 89.8870,37.8601 89.8628,37.8787 89.8370,37.8951 89.8099,37.9092 89.7817,37.9209 89.7526,37.9301 89.7228,37.9367 89.6925,37.9407 89.6620,37.9420 89.6315,37.9407 89.6012,37.9367 89.5714,37.9301 89.5423,37.9209 89.5141,37.9092 89.4870,37.8951 89.4612,37.8787 89.4370,37.8601 89.4145,37.8395 89.3939,37.8170 89.3753,37.7928 89.3589,37.7670 89.3448,37.7399 89.3331,37.7117 89.3239,37.6826 89.3173,37.6528 89.3133,37.6225 89.3120,37.5920 89.3133,37.5615 89.3173,37.5312 89.3239,37.5014 89.3331,37.4723 89.3448,37.4441 89.3589,37.4170 89.3753,37.3912 89.3939,37.3670 89.4145,37.3445 89.4370,37.3239 89.4612,37.3053 89.4870,37.2889 89.5141,37.2748 89.5423,37.2631 89.5714,37.2539 89.6012,37.2473 89.6315,37.2433 89.6620,37.2420 89.6925,37.2433 89.7228,37.2473 89.7526,37.2539 89.7817,37.2631 89.8099,37.2748 89.8370,37.2889 89.8628,37.3053 89.8870,37.3239 89.9095,37.3445 89.9301,37.3670 89.9487,37.3912 89.9651,37.4170 89.9792,37.4441 89.9909,37.4723 90.0001,37.5014 90.0067,37.5312 90.0107,37.5615 90.0120,37.5920;
  BEGIN_ASSOC
    ADD N5 :F1.000000 :R0 :T12345 'net=P1' 0.00, 0.00;
  END_ASSOC
ADD P5 :W0.000000  88.9960,37.5920 88.9947,37.6225 88.9907,37.6528 88.9841,37.6826 88.9749,37.7117 88.9632,37.7399 88.9491,37.7670 88.9327,37.7928 88.9141,37.8170 88.8935,37.8395 88.8710,37.8601 88.8468,37.8787 88.8210,37.8951 88.7939,37.9092 88.7657,37.9209 88.7366,37.9301 88.7068,37.9367 88.6765,37.9407 88.6460,37.9420 88.6155,37.9407 88.5852,37.9367 88.5554,37.9301 88.5263,37.9209 88.4981,37.9092 88.4710,37.8951 88.4452,37.8787 88.4210,37.8601 88.3985,37.8395 88.3779,37.8170 88.3593,37.7928 88.3429,37.7670 88.3288,37.7399 88.3171,37.7117 88.3079,37.6826 88.3013,37.6528 88.2973,37.6225 88.2960,37.5920 88.2973,37.5615 88.3013,37.5312 88.3079,37.5014 88.3171,37.4723 88.3288,37.4441 88.3429,37.4170 88.3593,37.3912 88.3779,37.3670 88.3985,37.3445 88.4210,37.3239 88.4452,37.3053 88.4710,37.2889 88.4981,37.2748 88.5263,37.2631 88.5554,37.2539 88.5852,37.2473 88.6155,37.2433 88.6460,37.2420 88.6765,37.2433 88.7068,37.2473 88.7366,37.2539 88.7657,37.2631 88.7939,37.2748 88.8210,37.2889 88.8468,37.3053 88.8710,37.3239 88.8935,37.3445 88.9141,37.3670 88.9327,37.3912 88.9491,37.4170 88.9632,37.4441 88.9749,37.4723 88.9841,37.5014 88.9907,37.5312 88.9947,37.5615 88.9960,37.5920;
  BEGIN_ASSOC
    ADD N5 :F1.000000 :R0 :T12345 'net=P1' 0.00, 0.00;
  END_ASSOC
ADD P5 :W0.000000  87.9800,37.5920 87.9787,37.6225 87.9747,37.6528 87.9681,37.6826 87.9589,37.7117 87.9472,37.7399 87.9331,37.7670 87.9167,37.7928 87.8981,37.8170 87.8775,37.8395 87.8550,37.8601 87.8308,37.8787 87.8050,37.8951 87.7779,37.9092 87.7497,37.9209 87.7206,37.9301 87.6908,37.9367 87.6605,37.9407 87.6300,37.9420 87.5995,37.9407 87.5692,37.9367 87.5394,37.9301 87.5103,37.9209 87.4821,37.9092 87.4550,37.8951 87.4292,37.8787 87.4050,37.8601 87.3825,37.8395 87.3619,37.8170 87.3433,37.7928 87.3269,37.7670 87.3128,37.7399 87.3011,37.7117 87.2919,37.6826 87.2853,37.6528 87.2813,37.6225 87.2800,37.5920 87.2813,37.5615 87.2853,37.5312 87.2919,37.5014 87.3011,37.4723 87.3128,37.4441 87.3269,37.4170 87.3433,37.3912 87.3619,37.3670 87.3825,37.3445 87.4050,37.3239 87.4292,37.3053 87.4550,37.2889 87.4821,37.2748 87.5103,37.2631 87.5394,37.2539 87.5692,37.2473 87.5995,37.2433 87.6300,37.2420 87.6605,37.2433 87.6908,37.2473 87.7206,37.2539 87.7497,37.2631 87.7779,37.2748 87.8050,37.2889 87.8308,37.3053 87.8550,37.3239 87.8775,37.3445 87.8981,37.3670 87.9167,37.3912 87.9331,37.4170 87.9472,37.4441 87.9589,37.4723 87.9681,37.5014 87.9747,37.5312 87.9787,37.5615 87.9800,37.5920;
  BEGIN_ASSOC
    ADD N5 :F1.000000 :R0 :T12345 'net=P1' 0.00, 0.00;
  END_ASSOC
ADD P5 :W0.000000  86.9627,37.5920 86.9614,37.6224 86.9574,37.6526 86.9508,37.6823 86.9417,37.7113 86.9300,37.7394 86.9160,37.7664 86.8996,37.7920 86.8811,37.8161 86.8606,37.8386 86.8381,37.8591 86.8140,37.8776 86.7884,37.8940 86.7614,37.9080 86.7333,37.9197 86.7043,37.9288 86.6746,37.9354 86.6444,37.9394 86.6140,37.9407 86.5836,37.9394 86.5534,37.9354 86.5237,37.9288 86.4947,37.9197 86.4666,37.9080 86.4397,37.8940 86.4140,37.8776 86.3899,37.8591 86.3674,37.8386 86.3469,37.8161 86.3284,37.7920 86.3120,37.7664 86.2980,37.7394 86.2863,37.7113 86.2772,37.6823 86.2706,37.6526 86.2666,37.6224 86.2653,37.5920 86.2666,37.5616 86.2706,37.5314 86.2772,37.5017 86.2863,37.4727 86.2980,37.4446 86.3120,37.4177 86.3284,37.3920 86.3469,37.3679 86.3674,37.3454 86.3899,37.3249 86.4140,37.3064 86.4397,37.2900 86.4666,37.2760 86.4947,37.2643 86.5237,37.2552 86.5534,37.2486 86.5836,37.2446 86.6140,37.2433 86.6444,37.2446 86.6746,37.2486 86.7043,37.2552 86.7333,37.2643 86.7614,37.2760 86.7884,37.2900 86.8140,37.3064 86.8381,37.3249 86.8606,37.3454 86.8811,37.3679 86.8996,37.3920 86.9160,37.4177 86.9300,37.4446 86.9417,37.4727 86.9508,37.5017 86.9574,37.5314 86.9614,37.5616 86.9627,37.5920;
  BEGIN_ASSOC
    ADD N5 :F1.000000 :R0 :T12345 'net=P1' 0.00, 0.00;
  END_ASSOC
ADD P5 :W0.000000  85.9467,37.5920 85.9454,37.6224 85.9414,37.6526 85.9348,37.6823 85.9257,37.7113 85.9140,37.7394 85.9000,37.7664 85.8836,37.7920 85.8651,37.8161 85.8446,37.8386 85.8221,37.8591 85.7980,37.8776 85.7724,37.8940 85.7454,37.9080 85.7173,37.9197 85.6883,37.9288 85.6586,37.9354 85.6284,37.9394 85.5980,37.9407 85.5676,37.9394 85.5374,37.9354 85.5077,37.9288 85.4787,37.9197 85.4506,37.9080 85.4237,37.8940 85.3980,37.8776 85.3739,37.8591 85.3514,37.8386 85.3309,37.8161 85.3124,37.7920 85.2960,37.7664 85.2820,37.7394 85.2703,37.7113 85.2612,37.6823 85.2546,37.6526 85.2506,37.6224 85.2493,37.5920 85.2506,37.5616 85.2546,37.5314 85.2612,37.5017 85.2703,37.4727 85.2820,37.4446 85.2960,37.4177 85.3124,37.3920 85.3309,37.3679 85.3514,37.3454 85.3739,37.3249 85.3980,37.3064 85.4237,37.2900 85.4506,37.2760 85.4787,37.2643 85.5077,37.2552 85.5374,37.2486 85.5676,37.2446 85.5980,37.2433 85.6284,37.2446 85.6586,37.2486 85.6883,37.2552 85.7173,37.2643 85.7454,37.2760 85.7724,37.2900 85.7980,37.3064 85.8221,37.3249 85.8446,37.3454 85.8651,37.3679 85.8836,37.3920 85.9000,37.4177 85.9140,37.4446 85.9257,37.4727 85.9348,37.5017 85.9414,37.5314 85.9454,37.5616 85.9467,37.5920;
  BEGIN_ASSOC
    ADD N5 :F1.000000 :R0 :T12345 'net=P1' 0.00, 0.00;
  END_ASSOC
ADD P5 :W0.000000  84.9307,37.5920 84.9294,37.6224 84.9254,37.6526 84.9188,37.6823 84.9097,37.7113 84.8980,37.7394 84.8840,37.7664 84.8676,37.7920 84.8491,37.8161 84.8286,37.8386 84.8061,37.8591 84.7820,37.8776 84.7563,37.8940 84.7294,37.9080 84.7013,37.9197 84.6723,37.9288 84.6426,37.9354 84.6124,37.9394 84.5820,37.9407 84.5516,37.9394 84.5214,37.9354 84.4917,37.9288 84.4627,37.9197 84.4346,37.9080 84.4077,37.8940 84.3820,37.8776 84.3579,37.8591 84.3354,37.8386 84.3149,37.8161 84.2964,37.7920 84.2800,37.7664 84.2660,37.7394 84.2543,37.7113 84.2452,37.6823 84.2386,37.6526 84.2346,37.6224 84.2333,37.5920 84.2346,37.5616 84.2386,37.5314 84.2452,37.5017 84.2543,37.4727 84.2660,37.4446 84.2800,37.4177 84.2964,37.3920 84.3149,37.3679 84.3354,37.3454 84.3579,37.3249 84.3820,37.3064 84.4077,37.2900 84.4346,37.2760 84.4627,37.2643 84.4917,37.2552 84.5214,37.2486 84.5516,37.2446 84.5820,37.2433 84.6124,37.2446 84.6426,37.2486 84.6723,37.2552 84.7013,37.2643 84.7294,37.2760 84.7563,37.2900 84.7820,37.3064 84.8061,37.3249 84.8286,37.3454 84.8491,37.3679 84.8676,37.3920 84.8840,37.4177 84.8980,37.4446 84.9097,37.4727 84.9188,37.5017 84.9254,37.5314 84.9294,37.5616 84.9307,37.5920;
  BEGIN_ASSOC
    ADD N5 :F1.000000 :R0 :T12345 'net=P1' 0.00, 0.00;
  END_ASSOC
SAVE;
